  2.0   00 03 48.84  -00 21 06.0  19.35  *   1.037    14.9   0.67  -61   47   48   90                 Q
  6.1   00 13 34.48  +79 00 10.4  22.        0.840    13.7   0.80   17   37  147   11  SE             G
  9.0   00 17 49.83  +15 24 16.5  18.21      2.012    17.8   1.09  -47   53   54   11  OKE(159),SED   Q
 11.1   00 27 06.00  +63 24 00.0  -9.99     -9.999    12.4   0.58    1  -99  -99   16  OBSCURED        
 13.0   00 31 33.17  +39 07 41.8  22.5       1.351    12.0   0.93  -23  148  148    9  SE;ID(157)OUT  G
 14.0   00 33 29.30  +18 21 28.4  20.        1.469    10.4   0.81  -44   13  055   16  8,19ID,RED Q?  Q
 14.1   00 33 36.00  +59 30 00.0  -9.99     -9.999    16.1   0.80   -3  -99  -99  127  OBSCURED        
 15.0   00 34 30.56  -01 25 37.8  15.34      0.073    15.8   0.64  -64   92   93   91  WE             G
 16.0   00 35 09.16  +13 03 39.6  21.        0.406    11.2   0.94  -50  170  999   90  WE,ID196       G
 17.0   00 35 47.18  -02 24 09.5  18.02      0.219    20.0   0.52  -65   18   67  121  SE             N
 18.0   00 38 14.57  +09 46 56.1  18.5       0.188    19.0   0.74  -53   13  056   16  SE             G
 19.0   00 38 13.76  +32 53 39.9  20.        0.482    12.1   0.60  -30    8  146   90  *CL            G
 20.0   00 40 20.00  +51 47 08.1  19.        0.174    42.9   0.67  -11  182  182   15                 G
 21.1   00 42 30.00  +67 48 00.0  -9.99     -9.999     9.0  -9.99    5  -99  -99  126  OBSCURED        
 22.0   00 48 04.73  +50 55 44.8  22.        0.937    12.1   0.78  -12  170  155   15  SE             G
 27.0   00 52 42.00  +68 13 00.0  -9.99     -9.999    26.5   0.61    6  -99  -99  106  OBSCURED        
 28.0   00 53 09.12  +26 08 23.4  17.64      0.195    16.3   1.06  -37   18   67    3  E,CL,175,R     G
 29.0   00 55 01.57  -01 39 39.4  14.07      0.044    15.1   0.50  -64   18   94  128  78ID,ABS,CL    G
 31.0   01 04 39.18  +32 08 44.3  12.14      0.016    16.8   0.57  -30   18   31    9  N382/3,ABS,CL  G
 33.0   01 06 14.94  +13 04 26.4  15.19      0.059    54.4   0.76  -49   68   67  160  73ID,SE        G
 33.1   01 06 06.48  +72 55 59.2  19.5       0.181    13.0   0.62   10   37   35    9  PAIR           G
 33.2   01 06 54.00  +69 06 00.0  -9.99     -9.999     5.5   0.90    7  -99  -99  126  OBSCURED        
 34.0   01 07 32.58  +31 31 22.5  21.        0.689    11.9   1.06  -31  170  164    9  SE,IDI54       G
 35.0   01 09 04.14  +49 12 40.1  15.6       0.067    10.5   0.77  -13   18    4   10  WE             G
 36.0   01 15 03.62  +45 20 35.8  22.        1.301     8.2   0.85  -17  999  999  181  SE             G
 40.0   01 23 26.00  -01 36 20.0  12.28      0.017    26.0   0.66  -63   74   97   68  N545/7,ABS,CL  G
 41.0   01 23 54.73  +32 57 37.7  21.        0.794    10.6   0.51  -29  151  155   10                 G
 42.0   01 25 42.67  +28 47 30.4  20.        0.395    12.0   0.73  -33   19  156   10  8,37ID,SE      G
 43.0   01 27 15.04  +23 22 51.5  20.        1.470    11.6   0.75  -39   47  153   90                 Q
 44.0   01 28 45.20  +06 08 15.0  21.        0.660     7.9   0.83  -55  153  153   10  10*G CL,SE     G
 46.0   01 32 34.09  +37 38 47.0  19.5       0.437    10.2   1.13  -24   13  056    9  37ID,*CL,SE    G
 47.0   01 33 40.42  +20 42 10.6  18.10  *   0.425    26.4   0.98  -41   55   55   11  96FC           Q
 48.0   01 34 49.82  +32 54 20.4  16.2   *   0.367    55.0   0.59  -29   56   57  112  OKE(159),SED   Q
 49.0   01 38 28.41  +13 38 19.9  21.        0.621    10.3   0.65  -47   19  153   90  8,37ID,SE      G
 52.0   01 45 14.50  +53 17 47.0  18.5       0.285    13.5   0.62   -8   13  053  118  CL,ABS,R=173   G
 54.0   01 52 26.55  +43 31 19.0  22.        0.827     8.8   0.82  -18    8  153    9  37ID           G
 55.0   01 54 19.03  +28 37 00.6  22.        0.734    21.5   1.04  -32  999  999  185  SE             G
 61.1   02 10 37.10  +86 05 18.5  19.0       0.186    31.2   0.77   24   33   33  160  GAL B Z=153    G
 63.0   02 18 21.90  -02 10 33.0  18.5       0.175    19.2   0.79  -57   13  056   16  12,140ID,SE    G
 65.0   02 20 37.24  +39 47 17.1  23.        1.176    15.2   0.75  -20  154  153   10  8,37 WE        G
 66.0   02 20 01.78  +42 45 54.6  12.90      0.021    24.6   0.62  -17   97   97   60  ABS,CL         G
 66.0   02 19 30.03  +42 48 29.9  15.21     -9.999     8.0   0.62  -17   43  -99   60  LINELESS       B
 67.0   02 21 18.05  +27 36 37.4  18.0       0.310    10.0   0.58  -31   18   35   11  139,37ID       G
 68.1   02 29 27.24  +34 10 34.1  19.5       1.238    12.8   0.80  -24   37  105   10  153Z           Q
 68.2   02 31 24.79  +31 21 11.5  23.5       1.575    10.0   1.05  -26  186  186   11  8,37,6EF       G
 69.0   02 34 18.50  +58 58 51.0  -9.99     -9.999    20.9   0.90   -1  -99  -99   11  OBSCURD.R=173   
 71.0   02 40 07.04  -00 13 34.3   8.91      0.003    16.1   0.55  -52   32   31   90  N1068,SE       G
 75.0   02 55 05.10  +05 50 44.0  13.62      0.024    25.8   0.71  -45   68   97  113  78ID,ABS,CL    G
 76.1   03 00 27.28  +16 14 36.1  14.86      0.032    12.2   0.77  -36   18   93    9  142,139ID,ABS  G
 78.0   03 05 49.05  +03 55 13.1  12.84      0.028    17.8   0.43  -45   68   67   90  75ID,N1218,WE  G
 79.0   03 07 11.48  +16 54 36.9  18.50      0.255    30.5   0.92  -35   18   67    9  12ID,SE,*CL    N
 83.1   03 14 57.00  +41 40 33.4  12.5       0.025    26.0   0.64  -13   25   89   36  N1265,CL       G
 84.0   03 16 29.55  +41 19 51.9  11.85      0.017    61.3   0.78  -13   30   31   38  N1275,PERA,CL  G
 86.0   03 23 31.20  +55 08 24.0  -9.99     -9.999    29.0   0.64   -1  -99  -99   11                  
 88.0   03 25 18.90  +02 23 22.0  13.95      0.030    15.3   0.52  -42   18   67  113  25ID,E,        G
 89.0   03 31 43.37  -01 21 26.3  16.        0.138    20.2   0.96  -43   13  056   24  12ID,ABS,CL    G
 91.0   03 34 02.96  +50 35 55.7  18.       -9.999    14.1   0.72   -4  161  -99   16  OBSCURED        
 93.0   03 40 51.54  +04 48 21.7  18.09      0.358    14.4   0.82  -38   59  171   16  MOD EM         Q
 93.1   03 45 35.80  +33 44 05.9  19.0       0.244     9.9   0.70  -16   13  056   90  37ID,SE,CL     G
 98.0   03 56 10.49  +10 17 16.4  14.45      0.030    47.2   0.78  -31   68   67   15  77ID,SE        G
 99.0   03 58 33.28  +00 28 10.6  19.1       0.426    10.8   1.05  -37    8   46   29  SE,*CL         N
103.0   04 04 34.73  +42 52 36.3  19.        0.330    26.6   0.79   -7  161  153    9  9*G,R=173,SE   G
105.0   04 04 48.07  +03 34 27.2  18.5       0.089    17.8   0.58  -34    6  156  113  SE             G
107.0   04 09 50.07  -01 07 11.1  22.        0.785    10.8   1.02  -35  186  186  189  8*G,M=21;R24   G
109.0   04 10 54.85  +11 04 39.5  17.88  *   0.305    21.6   0.85  -28   18   93    3  12ID,SE        N
111.0   04 15 01.00  +37 54 20.0  18.0       0.048    64.6   0.73   -9   37   35  123  SE,R=173       G
114.0   04 17 29.05  +17 46 49.0  22.        0.815     6.5   0.89  -22    8  190    9  37ID           G
119.0   04 29 07.86  +41 32 09.5  20.        1.022    15.7   0.22   -4   47  201   71  72ID           G
123.0   04 33 55.21  +29 34 12.6  21.7       0.218   189.0   0.70  -12   37  163   11  18,12ID,E,CL   G
124.0   04 39 23.89  +01 15 22.0  22.        1.083    10.3   1.18  -28  186  187  189  8EF,29R, SE    G
125.0   04 42 50.00  +39 37 00.0  -9.99     -9.999    14.1   0.95   -4  -99  -99   16  OBSCURED        
129.0   04 45 21.20  +44 56 45.0  19.        0.021    46.9   0.92    0   18   52   36  ABS            G
129.1   04 46 29.90  +44 58 14.0  19.        0.022    10.5   0.89    0   58   52   36  ABS            G
130.0   04 48 56.90  +51 59 56.0  16.5       0.109    15.5   0.89    5   13  056  106  ABS            G
131.0   04 50 09.80  +31 22 54.0  -9.99     -9.999    14.6   0.79   -8  -99  -99   16  OBSCURED        
132.0   04 53 42.05  +22 44 43.4  18.5       0.214    13.7   0.68  -13   13  056   15  E,CL           G
133.0   04 59 54.27  +25 12 12.1  20.        0.277    22.3   0.70  -10  169  156   10  OBSCURED,SE    G
134.0   05 01 17.73  +38 02 06.1  20.       -9.999    74.4   0.99   -2  161  -99  161  OBSCRD. R=173  G
135.0   05 11 33.78  +00 53 07.9  17.05      0.127    17.3   0.92  -21   18   94  113  142ID,SE,CL    N
136.1   05 12 58.90  +24 55 07.4  17.        0.064    14.0   0.69   -8   18  199  126  SE,R=173       G
137.0   05 15 38.10  +50 52 36.0  -9.99     -9.999    12.5   0.93    8  -99  -99  106  OBSCURED        
138.0   05 18 16.52  +16 35 26.9  17.9       0.759    22.2  -0.46  -11   47   61  122  62Z            Q
139.2   05 21 19.10  +28 11 00.0  -9.99     -9.999    11.9   0.96   -4  -99  -99  106  OBSCRD. R=173   
141.0   05 23 26.30  +32 47 00.0  -9.99     -9.999    14.9   0.88   -1  -99  -99   16  OBSCURED        
142.1   05 28 48.10  +06 28 14.8  21.        0.406    19.4   0.86  -15  -99  -99   16  OBSCURED       G
147.0   05 38 43.51  +49 49 42.8  16.9   *   0.545    60.5  -0.46   10   55   55  122                 Q
152.0   06 01 30.90  +20 21 24.0  -9.99     -9.999    12.4   0.88   -1  -99  -99   29  8EF             
153.0   06 05 44.46  +48 04 49.0  18.5       0.276    15.3   0.66   13   18    4   11  12ID,SE,CL     G
154.0   06 10 43.75  +26 05 30.0  18.0       0.580    23.1   0.77    4    3   42    3                 Q
158.0   06 18 50.00  +14 31 00.0  -9.99     -9.999    18.1   1.09    0  -99  -99   90  OBSCURED        
165.0   06 40 04.60  +23 22 01.2  19.5       0.295    13.5   0.71    9  161  153  113  R=173;ABS,WE   G
166.0   06 42 24.73  +21 25 02.8  19.5       0.245    14.7   0.90    8   13  056    5  MOD EM,R=173   G
169.1   06 47 35.50  +45 13 01.0  20.5       0.633     7.3   0.90   19  152  156   10  SE             G
171.0   06 51 11.05  +54 12 50.0  18.89      0.238    19.5   0.87   22   18   67   11  77ID,SE        N
172.0   06 59 04.13  +25 18 15.4  20.5       0.519    15.1   0.86   13  151  153  125  8EF,SE         G
173.0   06 58 56.67  +38 01 46.1  21.3       1.035     8.7   0.72   18   19  186   90                 N
173.1   07 02 47.91  +74 54 16.6  18.9       0.292    15.4   0.88   27   18  199    9  ABS,CL         G
175.0   07 10 15.38  +11 51 24.0  16.6       0.768    17.6   0.98   10   18   48   10                 Q
175.1   07 11 14.36  +14 41 35.0  21.5       0.920    11.4   0.91   12  154  164   16  DE SE          G
180.0   07 24 33.27  -01 58 24.4  19.        0.220    15.1   0.84    7   13  053  113  140ID,SE       G
181.0   07 25 20.22  +14 43 46.6  18.92  *   1.382    14.5   1.00   15   47   63   11                 Q
184.0   07 33 59.01  +70 30 01.1  21.5       0.994    13.2   0.86   30  154  168  106  STRONG E;Z164  G
184.1   07 34 25.05  +80 33 24.1  17.        0.118    13.0   0.68   29   18    4    3  35Z,SE,CL      G
186.0   07 40 56.82  +38 00 31.0  17.6       1.063    14.1   1.15   26   47   61    3  175,R          Q
187.0   07 42 27.94  +02 07 44.6  19.5       0.350     8.1   0.82   13   13  056  113  ABS            G
190.0   07 58 45.04  +14 23 04.9  20.        1.197    15.0   0.93   22   13  071   90  19 ID,169 ID   Q
191.0   08 02 03.76  +10 23 57.6  18.65  *   1.956    13.0   0.98   21   47   99   71  64ABS          Q
192.0   08 02 32.31  +24 18 54.9  15.46      0.059    21.1   0.79   26   18   26  118  12ID,4Z,SE,CL  G
194.0   08 06 37.88  +42 36 56.0  24.        1.185     9.9   0.79   32  186  190   11  OII EM.        G
196.0   08 09 59.42  +48 22 07.2  17.60  *   0.871    68.2   0.79   33   56   61   11                 Q
196.1   08 12 57.32  -02 59 13.9  17.5       0.198    18.6   1.16   17   13  056   41  140ID,SE       G
197.1   08 18 00.86  +47 12 11.0  16.5       0.130     8.1   0.69   35   13  003    3  ABS,CL         G
198.0   08 19 52.33  +06 06 47.0  16.78      0.081     9.7   0.69   23   18   67  113  68ID,SE,CL     G
200.0   08 24 21.43  +29 28 42.2  20.        0.458    11.3   0.84   33   13  056    5  139ID,WE       G
204.0   08 33 18.03  +65 24 04.4  18.21      1.112    10.5   1.08   36   47   63   11                 Q
205.0   08 35 10.02  +58 04 51.4  17.62      1.534    12.6   0.88   37   18   65   11  ABS            Q
207.0   08 38 01.73  +13 23 05.4  18.15      0.684    13.6   0.90   30   47   48   11                 Q
208.0   08 50 22.70  +14 04 16.9  17.42      1.110    16.8   0.96   33   59   66   90  63Z=1.112      Q
208.1   08 51 53.28  +14 17 19.5  20.        1.020     8.1   0.65   34   19  153   90                 N
210.0   08 55 10.81  +28 02 32.4  22.0       1.169     9.5   0.78   39   39  184    5  WE             G
212.0   08 55 55.62  +14 21 24.2  19.06      1.049    15.1   0.92   35   13  071   15  92ID,REDQ.     Q
213.1   08 58 05.15  +29 13 34.5  19.        0.194     6.6   0.55   40   13  056    5  SE,CL          G
215.0   09 03 44.15  +16 58 15.7  18.27      0.411    11.4   1.06   37   47   61   11                 Q
216.0   09 06 17.26  +43 05 59.0  18.48  *   0.670    20.2   0.84   43   53  171   90                 Q
217.0   09 05 41.10  +38 00 30.6  22.        0.897    11.3   0.77   43  169  148   10                 G
219.0   09 17 50.70  +45 51 44.2  17.22      0.174    41.2   0.81   45   68   67   15  76ID,SE,CL     G
220.1   09 26 31.87  +79 19 45.4  20.5       0.620    15.8   0.93   33  169  153    9  18X,SE         G
220.2   09 27 29.93  +36 14 37.0  19.        1.157     7.2   0.61   47   18   21   90                 Q
220.3   09 31 11.06  +83 28 54.9  20.5       0.685    15.7   0.75   31  154  153    5  SE             G
222.0   09 33 55.15  +04 35 39.2  23.        1.340    11.3   1.17   38  186  197   71  198Z,190R      G
223.0   09 36 50.86  +36 07 34.7  17.10      0.136    14.7   0.74   49   18   26    3  12ID,SE,CL     G
223.1   09 38 18.80  +39 58 22.0  16.36      0.107     6.0   0.56   49   18   26    3  SE             G
225.0A  09 39 25.40  +14 05 36.8  22.61      1.560     7.6   0.93       999  999  125                 G
225.0B  09 39 32.40  +13 59 29.0  19.        0.582    21.3   0.94   44    8  153  125  MOD EM,ID 169  G
226.0   09 41 36.20  +10 00 05.1  19.5       0.817    15.0   0.88   43   13  053   10  139ID,SE       G
227.0   09 45 07.80  +07 39 09.0  16.33      0.086    30.4   0.67   42   18   94  113  25ID,SE        N
228.0   09 47 27.72  +14 34 02.9  21.        0.552    21.8   1.00   46  169  999   10  8EF,SE         G
230.0   09 49 25.12  +00 12 36.8  -9.99      1.487    21.1   0.82   39  -99  187   71  72ID=*(153)    G
231.0   09 51 42.70  +69 55 03.0   8.39      0.000    14.6   0.28   40  100   31  124  M82,E          G
234.0   09 58 57.38  +29 01 37.4  17.27      0.184    31.4   0.86   53   25   67    3  77ID,SE,R=173  N
236.0   10 03 05.39  +35 08 48.0  15.97      0.098    14.4   0.51   54   18   94   11  E              G
237.0   10 05 22.04  +07 44 58.6  21.        0.877    20.9   0.53   47  178  178   90  RADIO 172      G
238.0   10 08 23.10  +06 39 26.5  22.5       1.405    16.6   0.82   47    6  148   90  MODEM.         G
239.0   10 08 38.97  +46 43 08.4  22.5       1.781    13.2   1.08   53  154  153   11  REF=180,UV SP  G
241.0   10 19 09.44  +22 14 40.7  23.5       1.617    11.6   0.97   56  154  148   29  8EF,WE         G
244.1   10 30 19.61  +58 30 04.3  19.        0.428    20.3   0.82   51   13  056  173  12ID,CL,SE     G
245.0   10 40 06.02  +12 19 15.1  17.25      1.029    14.4   0.78   56   53   54   90  87Z            Q
247.0   10 56 08.35  +43 17 29.5  21.5       0.748    10.6   0.61   62  169  153   10  8EF,MOD EM     G
249.0   10 59 30.41  -01 00 09.2  -9.99     -9.999    16.9   0.89   51  999  999  189  8EF,91R        G
249.1   11 00 27.42  +77 15 08.7  15.72  *   0.311    10.7   0.81   38   47   63   11  86Z,12ID,159S  Q
250.0   11 06 11.25  +25 17 10.1  24.       -9.999     8.8   0.90   67  186  -99    9  8EF, ID 169    G
252.0   11 08 48.84  +35 56 59.8  22.        1.103    11.0   1.03   67  169  148    9  9*BSO,M=19;SE  G
254.0   11 11 53.35  +40 53 42.0  17.98      0.734    19.9   0.96   66  107   54   11                 Q
255.0   11 16 52.10  -02 46 27.1  23.        1.355    12.5   0.87   53  186  194  189  8EF,R91        G
256.0   11 18 04.15  +23 44 21.2  21.5       1.819     9.3   0.89   69   72  148   71  SE             G
257.0   11 20 34.30  +05 46 47.8  -9.99      2.474     9.7   0.84   60  202  202  202  R121;MOD EM    G
258.0   11 22 06.42  +19 35 58.8  19.5       0.165     9.7   1.30   69   13  056   27  E,CL;MOD EM    G
263.0   11 37 08.97  +66 04 26.9  16.32      0.646    15.2   0.82   50  183   11   11                 Q
263.1   11 40 49.21  +22 23 35.0  21.        0.824    18.2   0.87   74    8  999   90  ID 169         G
264.0   11 42 29.58  +19 53 02.7  12.74      0.020    26.0   0.75   73   18   67    9  25ID,N3862,CL  G
265.0   11 42 52.00  +31 50 29.1  20.9       0.811    19.5   0.96   75   13  047   10  12ID,SE        G
266.0   11 43 04.27  +50 02 47.0  22.        1.275    11.1   1.01   64  169  148   90  18X,SE         G
267.0   11 47 22.07  +13 04 00.2  22.5       1.140    14.6   0.93   70  154  148    9  SE             G
268.1   11 57 49.89  +73 17 27.5  22.        0.973    21.4   0.59   44  -99  156   15  8*GSNEARBY;SE  G
268.2   11 58 24.80  +31 50 02.0  19.        0.362     9.7   1.00   78   18  199    3  SE,CL,190R     G
268.3   12 03 54.28  +64 30 18.6  20.0       0.371    10.7   0.50   52    8  146   11  129Z,SE,CL     G
268.4   12 06 42.16  +43 56 02.0  18.42      1.400    10.3   0.80   71   18   65   11                 Q
270.0   12 16 50.01  +06 06 08.5  10.4       0.007    51.8   0.51   67   68   31  113  79ID,N4261,CL  G
270.1   12 18 04.00  +33 59 50.0  18.61      1.519    13.6   0.75   81   47   63   90  ABS            Q
272.0   12 21 59.70  +42 23 13.3  22.        0.944     8.0   0.87   74  154  190  190  8ID,ME         G
272.1   12 22 31.45  +13 09 49.6   8.67      0.003    19.4   0.60   74   25   31  117  N4374,WE,CL    G
273.0   12 26 33.35  +02 19 42.0  12.80  *   0.158    62.8   0.23   64  101  102   92  111SP          Q
274.0   12 28 17.55  +12 40 01.5   8.70      0.004  1050.    0.76   75   80   31  120  M87,30SP,CL    G
274.1   12 32 56.74  +21 37 05.8  20.        0.422    16.5   0.87   83   13  052    9  R=173,190      G
275.0   12 39 45.16  -04 29 53.9  21.        0.480    14.5   0.68   58    8  167   16  CL, SE(167)    G
275.1   12 41 27.58  +16 39 18.0  19.        0.557    18.3   0.96   79   47   61   90                 Q
277.0   12 49 26.15  +50 50 42.9  20.        0.414     7.5   0.89   67  999  190  190  9*RSO,M=18,19  G
277.1   12 50 15.13  +56 50 36.4  17.93      0.320     8.5   0.64   60   47   63   11  159SED         Q
277.2   12 51 03.85  +15 58 47.1  21.5       0.766    12.0   1.02   78  151  148   10  ID 169,SE      G
277.3   12 51 46.29  +27 53 49.5  15.94      0.085     9.0   0.58   89   18   67   11  E,COMA A       G
280.0   12 54 41.36  +47 36 32.1  22.        0.997    23.7   0.81   70    8  164   11  PAIR,CL;SE     G
280.1   12 58 14.09  +40 25 16.2  19.44      1.659     9.2   0.93   77   47   61    9                 Q
284.0   13 08 41.38  +27 44 02.6  18.        0.239    11.3   0.95   86   18    4    3  SE,CL,R=173    G
285.0   13 19 05.22  +42 50 55.7  15.99      0.079    11.3   0.95   73   18   94    9  139ID,WE,R173  G
286.0   13 28 49.65  +30 45 58.5  17.25      0.849    25.0   0.24   81   56   87  122  104ABS,159SED  Q
287.0   13 28 15.93  +25 24 37.4  17.67      1.055    16.3   0.42   81   59   54  112                 Q
287.1   13 30 20.46  +02 16 09.0  18.27      0.215     8.2   0.52   63   18   26  113  142ID,SE       N
288.0   13 36 38.59  +39 06 21.8  18.3       0.246    18.9   0.85   75   13  056   11  CL,WE,ABS.     G
288.1   13 40 29.94  +60 36 48.4  18.12      0.961     9.0   0.84   56   18   65   11  139ID          Q
289.0   13 43 27.41  +50 01 32.1  23.        0.967    12.0   0.81   65  154  148   90  8EF,SE         G
292.0   13 49 13.18  +64 44 24.2  20.7       0.713    10.1   0.80   51  149  153  151  SE             G
293.0   13 50 03.20  +31 41 32.8  14.37      0.045    12.7   0.45   76   17   26   15  93Z,E,R=173    G
293.1   13 52 16.13  +16 29 32.3  21.        0.709     9.2   0.99   72  999  999  999  MOD EM; OFF    G
294.0   14 04 43.24  +34 25 38.9  -9.99      1.786    10.3   1.07   72  195  195  195  8EF EXTENDED   G
295.0   14 09 33.44  +52 26 13.6  20.20      0.461    83.5   0.63   61   81   81   11  E,CL,SE(3727)  G
296.0   14 14 26.37  +11 02 18.6  12.19      0.023    13.0   0.67   62   18   26  113  IC5532,ABS     G
297.0   14 14 47.70  -03 46 56.0  21.9       1.406    10.3   0.98   52  153  153  121  VERY COMP; SE  N
298.0   14 16 38.77  +06 42 20.8  16.79      1.439    47.5   0.99   61  107   61  112  ABS            Q
299.0   14 19 06.29  +41 58 30.2  19.48      0.367    11.8   0.65   67   18   45    3  8ID,SE,CL      G
300.0   14 20 40.10  +19 49 13.2  18.        0.270    17.9   0.75   68   18   14    3  142ID,R=173    G
300.1   14 25 56.64  -01 10 44.6  23.        1.159    14.1   0.68   53  186  186  179  140=OLD ID.    G
303.0   14 41 24.84  +52 14 18.7  17.01      0.141    11.2   0.76   58  133  132  131  CL             N
303.1   14 43 53.70  +77 20 05.0  19.        0.267     8.1   0.77   38   29  156   29  18X,5*GM=19SE  G
305.0   14 48 17.58  +63 28 36.4  13.74      0.041    15.7   0.85   49   18   26   11  12ID,SE        G
305.1   14 47 49.00  +77 08 46.0  21.37      1.132     4.6   0.48   39  153  153   29  SE             G
306.1   14 52 24.50  -04 08 47.0  19.        0.441    13.5   0.90   47   13  056  126  CL,SE          G
309.1   14 58 56.64  +71 52 11.2  16.78      0.904    22.7   0.53   41   18   62  122  65,48Z,ABS159  Q
310.0   15 02 46.88  +26 12 35.4  15.24      0.054    55.1   0.92   60   68   67   10  76ID,E,GROUP   G
313.0   15 08 32.66  +08 02 48.2  21.0       0.461    20.6   0.82   52   17  156  172  SE             G
314.1   15 10 11.41  +70 57 09.3  17.        0.119    10.6   0.95   42   13  056   10  CL,WE          G
315.0   15 11 30.01  +26 18 39.4  16.30      0.108    17.8   0.72   58   68   67  173  76ID,SE,CL     G
317.0   15 14 17.00  +07 12 16.2  13.50      0.035    49.0   1.02   50   25   67   16  76ID,E,CL      G
318.0   15 17 50.64  +20 26 52.7  20.3       0.752    12.3   0.78   55   18   49   90  WE,CL,R=173    N
318.1   15 19 23.60  +07 52 12.0  15.        0.046    11.3   1.93   49  139  156  121  N5820,ABS      G
319.0   15 22 43.90  +54 38 38.4  18.5       0.192    15.3   0.90   51   17  156    9  CL,WE,R=173    G
320.0   15 29 29.70  +35 43 48.5  18.        0.342     9.1   0.75   55   13  056   10  ABS,CL         G
321.0   15 29 33.50  +24 14 26.5  16.        0.096    13.5   0.60   54   44  156  106  DBNUC,SE,R173  G
322.0   15 33 46.40  +55 46 47.1  23.        1.681    10.1   0.78   49  170  186  190  18X, ID 158    G
323.0   15 40 48.03  +60 25 03.3  21.        0.679     8.4   0.81   49  186  186  162  R=186,190      G
323.1   15 45 31.11  +21 01 32.5  16.69  *   0.264     9.7   0.65   49   18   65   11  111SP,CL,159S  Q
324.0   15 47 37.30  +21 34 42.0  21.5       1.206    15.8   0.90   49    8  166   90  CL,SE          G
325.0   15 49 13.98  +62 50 21.3  21.        0.860    15.6   0.70   44  152  153   10                 N
326.0   15 49 56.04  +20 14 43.3  17.        0.088    20.4   0.88   48  193  156   10  18X,PAIR       G
326.1   15 53 57.30  +20 13 00.0  23.        1.825     8.2   0.13   47  130  130   18  LY alpha cl.   G
327.0   15 59 55.60  +02 06 24.0  15.88      0.103    35.3   0.61   38   68   67  113  77ID,SE,CL     G
327.1   16 02 12.96  +01 25 58.7  20.5       0.462    23.6   0.81   37  153  153   90  SE             G
330.0   16 09 13.90  +66 04 22.8  20.33      0.550    27.8   0.71   41    8  146    9  129Z,SE,CL     G
332.0   16 15 47.27  +32 29 45.0  16.        0.151     9.6   0.61   45   17    4    3  SE,CL          G
334.0   16 18 07.40  +17 43 30.5  16.41  *   0.555    10.9   0.86   41   17   87    9  142ID,88Z,159  Q
336.0   16 22 32.45  +23 52 02.0  17.47      0.927    11.5   0.73   42   47   61   11                 Q
337.0   16 27 19.07  +44 25 38.2  21.        0.635    11.8   0.63   44    8  153   15  CL,MODEMID169  G
338.0   16 26 55.38  +39 39 37.0  12.61      0.029    46.9   1.19   44   74   83    9  N6166,WE,CL    G
340.0   16 27 29.41  +23 26 42.6  22.        0.775    10.1   0.73   41  165  148    9  9*FT RO,CORE   G
341.0   16 26 02.40  +27 48 14.0  19.        0.448    10.8   0.85   42   13  056    9  SE,ID 169      G
343.0   16 34 01.12  +62 51 42.4  20.61      0.988    12.4   0.37   39   72   20   71                 Q
343.1   16 37 55.22  +62 40 35.0  20.71      0.750    11.5   0.32   39   72  145   71  SE(3727)       G
345.0   16 41 17.60  +39 54 10.7  15.96  *   0.594    10.8   0.27   41   59   87  120  88Z            Q
346.0   16 41 34.56  +17 21 20.7  17.2       0.161    10.9   0.52   36   13  056   11  159,139ID,WE   G
348.0   16 48 39.98  +05 04 35.0  16.90      0.154   351.0   1.00   29   68   85  113  HER A,E,R174   G
349.0   16 58 04.44  +47 07 20.3  19.        0.205    13.3   0.74   38   17  156    9  SE             G
351.0   17 04 03.51  +60 48 31.3  15.28      0.371    13.7   0.73   36   18   87    3  159SED         Q
352.0   17 09 18.00  +46 05 06.0  22.8       0.805    11.3   0.88   36    8  147   90  SE             G
353.0   17 17 53.29  -00 55 49.5  15.36      0.030   236.0   0.71   20   68   67  113  75ID,E         G
356.0   17 23 06.96  +51 00 14.1  21.5       1.079    11.3   1.02   34  170  164    9  8EF,SE         G
357.0   17 26 27.41  +31 48 23.9  15.5       0.166     9.7   0.57   31   18    4    3  139ID,WE,CL    G
368.0   18 02 45.60  +11 01 13.8  21.5       1.132    13.8   1.24   15  154  164    5  SE,EXTENDED    G
371.0   18 07 18.47  +69 48 59.0  14.81  *   0.050     3.7   0.30   29   18   26  112  109SP,E        N
379.1   18 25 55.93  +74 19 06.8  18.        0.256     7.4   0.68   28   13  056  160  SE             G
380.0   18 28 13.55  +48 42 40.4  16.81  *   0.691    59.4   0.71   24   59   87   71  88Z,159SED     Q
381.0   18 32 24.40  +47 24 36.5  17.46      0.160    16.6   0.81   23   18   94    3  SE             G
382.0   18 33 11.97  +32 39 18.2  14.73      0.057    19.9   0.59   17   18   67  116  25ID,82SP,SE   G
386.0   18 36 12.85  +17 09 06.7  12.93      0.017    23.9   0.59   11   25   70   10  67X,999Z,ABS   G
388.0   18 42 35.44  +45 30 21.7  15.68      0.090    24.6   0.70   20   25   67   11  WE,CL          G
389.0   18 43 41.00  -03 23 00.0  -9.99     -9.999    21.0  -9.99    0  -99  -99  -99  OBSCURED        
390.0   18 43 12.00  +09 49 00.0  -9.99     -9.999    21.0   0.71    6  -99  -99   16  OBSCURED        
390.3   18 45 37.57  +79 43 06.5  14.37  *   0.056    47.5   0.75   27   18   26  159  12ID,SE,82SP   N
394.0   18 57 02.00  +12 56 00.0  -9.99     -9.999    15.1   0.78    4  -99  -99   90  OBSCURED        
399.1   19 14 00.00  +30 14 40.0  -9.99     -9.999    13.5   0.78    9  -99  -99   24  R=173           
401.0   19 39 38.84  +60 34 32.6  19.1       0.201    20.9   0.71   18   17  156   15  12,37ID,CL,AB  G
402.0   19 40 22.50  +50 29 29.0  14.        0.023    10.1   0.56   13   17    4    3  ABS,CL         G
403.0   19 49 44.13  +02 22 41.5  15.42      0.059    17.8   0.45  -12   17  134  113  142ID          G
403.1   19 49 55.20  -01 25 07.2  16.        0.055    13.5   1.12  -14   18    4  128  140ID,ABS,CL   G
405.0   19 57 44.43  +40 35 45.2  16.22      0.056  8700.    0.74    6   30   30   28  108SP,CYGA,SE  G
409.0   20 12 18.23  +23 25 47.5  -9.99     -9.999    76.6   0.78   -6  -99  -99   10  OBSCRD.,X=176   
410.0   20 18 03.97  +29 32 41.9  19.5       0.248    34.6   0.56   -4  161  -99  106  OBSCURED       G
411.0   20 19 44.19  +09 51 33.8  19.70  *   0.467    16.5   0.79  -15   40   40   11  SE             N
415.2   20 31 28.30  +53 35 28.6  -9.99     -9.999     8.8   1.03    8  -99  -99    9                  
418.0   20 37 07.30  +51 08 35.0  20.        1.686    13.1   0.44    6    8  171   71                 Q
424.0   20 45 44.40  +06 50 10.2  18.        0.127    14.6   0.85  -22   17  156   16  142ID,WE,CL    G
427.1   21 04 44.80  +76 21 09.5  23.3       0.572    26.6   0.97   19    6  153   11  ABS            G
428.0   21 06 45.20  +49 21 54.0  -9.99     -9.999    16.6   0.66    1  -99  -99  106  OBSCURED        
430.0   21 17 02.66  +60 35 26.7  15.        0.054    33.7   0.72    8   18    4  173  25ID,ABS,CL    G
431.0   21 17 12.50  +49 21 36.0  -9.99     -9.999    24.2   0.94    0  -99  -99   24  OBSCURED        
432.0   21 20 25.53  +16 51 46.4  17.96      1.805    11.0   0.98  -23   18   63   10  142,37ID,159S  Q
433.0   21 21 30.00  +24 51 36.0  15.54      0.101    56.2   0.75  -18   25   67   11  76ID,37,SE     G
434.0   21 20 54.40  +15 35 11.7  20.84      0.322     4.8   0.61  -24   37  156   11  WE,CL          G
435.0   21 26 37.20  +07 19 50.0  21.        0.471    11.6   0.87  -30  200  200  200  18X,2 SOURCES  G
436.0   21 41 57.91  +27 56 30.3  18.15      0.214    17.8   0.86  -19   18   67    3  12,37ID,SE     G
437.0   21 45 01.44  +15 06 37.5  23.        1.480    14.6   0.79  -28  190  190  190  ME             G
438.0   21 53 45.42  +37 46 13.1  19.20      0.290    44.7   0.88  -13   37  156   15  WE             G
441.0   22 03 49.27  +29 14 43.8  21.        0.707    12.6   0.83  -21  154  155   10  SE             G
442.0   22 12 20.40  +13 35 31.0  13.68      0.026    16.1   0.96  -34   68   85   10  N7236/7,77ID   G
445.0   22 21 15.50  -02 21 16.0  15.77      0.056    24.8   0.85  -47   25   67   28  SE,CL          N
449.0   22 29 07.60  +39 06 03.4  13.15      0.017    11.5   0.58  -16   18   94   10  ABS,CL         G
452.0   22 43 32.81  +39 25 27.6  16.00      0.081    54.4   0.78  -17   18   67    3  37ID,SE        G
454.0   22 49 07.63  +18 32 43.7  18.47  *   1.757    11.6   0.90  -36   18   63   71  142,37ID       Q
454.1   22 48 58.96  +71 13 23.9  22.0       1.841     9.8   0.82   11  186  186  192  37*CL,M=21.    G
454.2   22 50 24.00  +64 48 00.0  -9.99     -9.999     8.8   0.61    5  -99  -99  106  OBSCURED        
454.3   22 51 29.53  +15 52 54.4  16.10  *   0.860    13.0   0.04  -39   23   48  120  65Z,159SED     Q
455.0   22 52 34.53  +12 57 33.5  19.7       0.542    12.8   0.71  -41   22   22   90                 Q
456.0   23 09 56.65  +09 03 07.8  18.54      0.233    10.6   0.69  -46   18   67   90  SE             G
458.0   23 10 21.90  +05 00 26.0  20.        0.290    14.5   0.76  -50    8  156  113  SE,CL          G
459.0   23 14 02.27  +03 48 55.2  17.55      0.219    25.6   0.74  -51   18   67   90  12ID,93Z,E     N
460.0   23 18 59.75  +23 30 20.4  18.8       0.268     8.2   0.80  -35   19   35   11  8,37,27ID,CL   G
465.0   23 35 58.95  +26 45 16.4  13.18      0.029    37.8   0.75  -33   25   67  116  N7720,76ID,SE  G
468.1   23 48 27.30  +64 23 38.0  21.       -9.999    30.0   0.78    3  -99  -99  192  OBSCURED       G
469.1   23 52 58.66  +79 38 36.8  22.5       1.336    11.1   0.96   18   37  148  166  9 37ID,MODEM   G
470.0   23 56 02.90  +43 48 03.6  22.5       1.653    10.1   0.77  -18  999  999    3  18             G
