#Name      RA(J2000)    Dec(J2000)   S(178) S(408) S(843) S(1410) S(2700) S(4800) S(8400)  Alias      Alias2
J0108+1320 J0108+1320   +13 20 24.      53  33.6          14.7    6.7     7.13    0.92     B0106+130 3C33
J0308+0406 03 08 26.22  +04 06 39.3   19.2  13.6   10.5   7.8     5.26    3.45             B0305+039 3C78
J0358+1025 03 58 54.7   +10 25 46.      44  27.5          11.1    6.1     3.29             B0356+102 3C98
J0408­6545 04 08 20.38  -65 45 09.6         51.1   26.33  14.4    6.5     3.28    1.54     B0407-658 04-62
J0408­7507 04 08 48.38  -75 07 20.4          36    19.8   13.4    8.1     4.25    2.07     B0409-752 04-71
J0502+2516 05 02 58.58  +25 16 24.2     21         11.4   5.8     3.7     2.17             B0459+252 3C133
J0519­4546 05 19 44.3   -45 46 40.          166           66      29              3.24     B0518-458 Pic A
J0521+1638 05 21 09.90  +16 38 22.1     20 17.2           9.2     6.3     4.04    2.44     B0518+165 3C138
J0522­3627 05 22 58.01  -36 27 31.9        36.1           16.3    12.5    9.23    6.4      B0521-365
J0535­0523 05 35 18.4   -05 23 06.          450           410                              B0532-054 3C145
J0538­6904 05 38 43.5   -69 04 57.         39.1           34      29.8    25.1    8.43     B0539-691 MC74
J0541­0154 05 41 42.6   -01 54 16.    15.7  450           50      56.5    43.6             B0539-019 3C147.1
J0609+2029 06 09 35.6   +20 29 18.                 23     11.3                             B0606+204 NRAO229
J0618+2239 06 18 02.5   +22 39 35.     6.3         14.7    8                               B0615+226 IC443
J0627­0553 06 27 10.10  -05 53 04.8     78  44.7           18.5   11.3    6.6     3.76 	   B0624-058 3C161
J0752­2625 07 52 22.3   -26 25 37.          17.2       	   11.3   7.4 	  3.79    1.7 	   B0750-262 OI-2483
J0824­4259 08 24 07.4   -42 59 46.          198            18                		   B0822-428 PUP A
J0859­4345 08 59 28.3   -43 45 44.                    	   260    240             14.1 	   B0857-435 CTB32
J0859­4731 08 59 07.3   -47 31 23.                    	   250    180         	  45 	   B0857-473 CTB31
J0903­3836 09 03 56.6   -38 36 57.          12.8           10                		   B0902-384
J0918­1205 09 18 05.6   -12 05 42.          132       	   43.5   23.5    13.1    8 	   B0915-118 HYDRA A
J0924­5159 09 24 25.6   -51 59 37.                         30     23      		   B0922-517 RCW42
J1211­5309 12 11 56.0   -53 09 37.                         62     30              0.01 	   B1209-528
J1219+0549 12 19 23.3   +05 49 30.      48 41.5       17.2  9.8 4.86      		   B1216+061 3C270
J1229+0203 12 29 06.700 +02 03 08.60    75 55.1         42 40.9 36.7 55.3 		   B1226+023 3C273
J1230+1223 12 30 49.423 +12 23 28.04 1050   519       220  120  67.6   44 		   B1228+126 M87
J1254­1233 12 54 36.6   -12 33 28.         14.7  13.4 7.34 4.63 2.54 1.09 		   B1251-122 NGC4782
J1256­0547 12 56 11.167 -05 47 21.53  20.9 14.5  14.3 11.6   12   13 11.1 		   B1253-055 3C279
J1330+2509 13 30 37.69  +25 09 11.0     16         12    7  4.2    3 2.23 		   B1328+254 3C287
J1346­6022 13 46 57.6   -60 22 58                       79   29 27.1  1.7 		   B1343-601
J1504+2556 15 04 58.9   +25 56 49.        45          17.1      7.2      2.9  1.26         B1502+261 3C310
J1602+0157 16 02 27.4   +01 57 55.        43   16.1   16.9      8.5     4.64  3.32         B1559+021 3C327
J1615­6055 16 15 01.5   -60 55 18.                               43     16.8  7.25    2.49 B1610­607 16­61
J1634­4735 16 34 36.4   -47 35 56.                               87       32  9.28     5.7 B1630­474 CTB33
J1639­4651 16 39 48.6   -46 51 01.                               53           2.06         B1636­467
J1651+0459 16 51 08.1   +04 59 33.       350    169              47       23  12.4         B1648+050 HER A
J1720­0058 17 20 30.4   -00 58 38.       220    138     97       54     36.3  22.9    8.47 B1717-009 3C353
J1730­2129 17 30 40.5   -21 29 14.                               14     10.1   8.5    2.74 B1727-214 3C358
J1740­3057 17 40 18.5   -30 57 49.                               35     18.5  8.63    3.45 B1737-309
J1819­6345 18 19 34.99  -63 45 48.1              37 20.22     12.3       7.4  4.21    1.89 B1814-637 18-61
J1823­1228 18 23 55.7   -12 28 37.                            15.1       6.1   3.8    0.53 B1821-125
J1830­3602 18 30 58.88  -36 02 30.1            25.8 13.86       7.4      2.9  1.27    0.59 B1827-360
J1847­0202 18 47 18.1   -02 02 40.                             330      125            0.1 B1844-021 W43
J1849­0055 18 49 22.4   -00 55 21.      25.9                  17.8      11.9  9.75    2.27 B1846-009 3C391
J1904+0526 19 04 03.9   +05 26 56.        24                  15.3       9.1   4.3         B1901+053 3C396
J1935­4620 19 35 56.5   -46 20 39.             39.6           12.6      6.54   3.4    1.68 B1932-464 19-46
J1939­6342 19 39 25.01  -63 42 45.7            6.24 13.65     16.4      11.5  6.13       3 B1934-638
J1952+0230 19 52 15.8   +02 30 23.        28   13.6   10.7      5.8     3.75  2.07         B1949+023 3C403
J2014+2334 20 14 27.7   +23 34 52.        79          34.5    11.6       6.4  3.01         B2012+234 3C409
J2107­2526 21 07 20.6   -25 26 59.               31           11.2       6.2  3.97    0.89 B2104-256 21-21
J2123+2504 21 23 44.8   +25 04 07.      54.4            25    12.4      6.88  3.62         B2121+248 3C433
J2157­6941 21 57 05.8   -69 41 22.               80              30     17.9  13.4    6.22 B2152-699 21-64
J2223­0206 22 23 50.7   -02 06 36.      23.5   17.5   12.2      5.1     3.46  2.12    0.32 B2221-023 3C445
J2253+1608 22 53 57.748 +16 08 53.56    12.7   11.6           12.2      10.2  23.3      11 B2251+158 3C454.3
J2338+2701 23 38 29.4   +27 01 53.      13.6          17.1      7.3      3.4  2.12    1.56 B2335+267 3C465
J2358­6054 23 58 59.2   -60 54 57.               57              22       12  4.43    1.07 B2356-611 23-64
#Name      RA(J2000)    Dec(J2000)   S(178) S(408) S(843) S(1410) S(2700) S(4800) S(8400)  Alias      Alias2
