J0006-0623 1.5 1.5 1.6 1.4 [-2.34291731  1.45629793 -0.20898241]
J0024-4202 3.0 2.8 2.2 0.9 [-15.59315958   9.70046591  -1.46117966]
J0025-2602 8.6 5.8 3.8 2.2 [-1.69419422  2.10689777 -0.40432185]
J0108+0135 1.3 4.2 4.8 1.7 [-44.75640131  25.5327664   -3.58427495]
J0120-1520 4.7 2.7 1.6 0.7 [-4.06899951  3.54282034 -0.64782818]
J0204+1514 3.7 3.1 2.3 2.3 [ 4.02868176 -1.74244153  0.2051759 ]
J0229-7847 0.5 0.8 0.5 0.4 [-15.07736434   8.61806292  -1.24466738]
J0240-2309 4.4 2.4 1.5 2.2 [ 20.46306534 -10.98350116   1.49087027]
J0252-7104 5.9 3.1 2.0 0.7 [-6.30633956  4.95265693 -0.86092977]
J0303-6211 1.0 1.1 2.3 1.6 [-8.30771817  4.44090993 -0.57587977]
J0318+1628 8.3 4.8 2.9 1.7 [ 1.71708741  0.24777201 -0.15942148]
J0334-4008 1.9 2.0 2.1 2.0 [-1.70634928  1.10685444 -0.15151685]
J0339-0146 2.1 2.6 2.8 1.8 [-12.69096133   7.48915378  -1.06690466]
J0403-3605 0.9 1.0 2.0 2.0 [-1.58971122  0.45265032  0.00956743]
J0405-1308 4.0 3.2 3.2 2.6 [ 1.32618082 -0.24639445  0.0043793 ]
J0408-6545 14.4 6.5 3.9 1.3 [-3.70830187  3.80739195 -0.72024917]
J0433+0521 3.8 3.3 3.8 3.7 [ 3.20311299 -1.51413984  0.21547207]
J0440-4333 7.5 6.5 3.5 2.3 [-4.82850958  3.82855552 -0.63954451]
J0453-2807 2.5 2.4 2.5 1.8 [-5.04993466  3.23636099 -0.4793307 ]
J0450-8101 1.1 1.1 1.6 1.3 [-3.6005834   1.9531599  -0.25483763]
J0501-0159 2.2 1.9 2.2 4.3 [ 16.57165571  -9.56725067   1.40232811]
J0521+1638 9.2 6.3 4.0 2.4 [-1.32934004  1.91278745 -0.37629658]
J0522-3627 16.3 12.5 9.2 6.4 [-0.47655354  1.38252143 -0.2688733 ]
J0538-4405 2.7 3.8 4.1 3.6 [-9.27097394  5.42342925 -0.74386914]
J0607-0834 2.5 2.9 3.4 2.5 [-8.54603699  5.08742823 -0.71467561]
J0609-1542 2.1 2.2 1.8 2.1 [ 2.11516754 -0.99076774  0.13499305]
J0616-3456 2.7 2.0 1.6 0.8 [-6.8269724   4.66286994 -0.75004904]
J0635-7516 4.9 5.9 5.5 6.5 [-0.09429541  0.35071778 -0.03131573]
J0725-0054 2.9 2.1 2.1 1.3 [-1.9580417   1.69655672 -0.2963053 ]
J0729-3638 2.0 1.3 0.7 0.4 [-1.99362094  2.04549263 -0.41787414]
J0735-1735 2.7 2.6 2.0 1.4 [-5.93104636  3.93940098 -0.60930391]
J0738+1742 2.0 2.0 2.1 5.1 [ 17.51847425 -10.21906497   1.51076449]
J0836-2016 3.3 4.2 3.4 1.3 [-23.4204401   14.08916114  -2.06110908]
J0841-7540 4.0 2.2 1.4 0.8 [ 2.02476202 -0.10914938 -0.10940614]
J0918-1205 43.5 23.5 13.1 8.0 [  4.59497122e+00  -9.30810646e-01  -2.53846079e-03]
J1058+0133 3.4 3.2 3.2 4.0 [ 6.13736995 -3.2691387   0.47324553]
J1058-8003 1.0 1.1 1.6 1.3 [-5.66729925  3.07428484 -0.40646586]
J1107-4449 1.9 1.8 3.2 2.6 [-2.01311542  1.08941846 -0.11752637]
J1130-1449 6.4 6.0 5.5 3.2 [-8.38905081  5.54336606 -0.83410485]
J1154-3505 6.1 4.1 3.1 1.5 [-5.09862522  3.95920066 -0.66521509]
J1218-4600 4.6 3.3 2.5 1.2 [-6.75946123  4.81555392 -0.78195409]
J1229+0203 42.0 40.9 36.7 55.4 [ 10.04659554  -4.90623613   0.70989068]
J1248-1959 4.9 3.9 2.5 1.4 [-6.12415769  4.4612962  -0.72961373]
J1254-7138 1.0 1.0 1.7 1.3 [-4.65867114  2.47060969 -0.31734726]
J1256-0547 11.6 12.0 13.0 11.1 [-2.63293589  2.11780854 -0.30027755]
J1323-4452 3.5 1.8 1.3 0.6 [-0.61211196  1.40385594 -0.33088175]
J1427-4206 3.2 2.6 3.2 2.2 [-2.12436267  1.6138523  -0.2492948 ]
J1507-1652 2.7 2.3 2.0 2.5 [ 8.01612104 -4.28348825  0.59615975]
J1512-0905 3.3 2.8 3.3 1.5 [-11.08129923   6.91229241  -1.02799419]
J1556-7914 5.8 5.0 5.4 3.2 [-6.12990184  4.16039156 -0.62775905]
J1617-7717 4.6 3.4 3.8 2.5 [-0.90399113  1.11421398 -0.1977025 ]
J1626-2951 2.2 1.6 1.9 2.0 [ 8.27427751 -4.52852912  0.63716795]
J1733-1304 5.2 4.3 4.1 6.2 [ 12.70870591  -6.9185943    0.98850185]
J1743-0350 1.2 2.0 2.3 2.1 [-12.39586616   6.89221465  -0.93055628]
J1819-6345 12.3 7.4 5.1 2.2 [-4.75426521  4.0763397  -0.70652939]
J1912-8010 1.8 1.5 1.4 1.0 [-2.45003886  1.78782234 -0.29574638]
J1939-6342 16.4 11.5 6.4 2.6 [-9.25985128  6.80821988 -1.10620608]
J1939-1525 0.6 1.4 1.6 0.9 [-29.22567546  16.4056919   -2.28538085]
J1957-3845 1.6 2.0 1.9 1.6 [-7.91421345  4.65150657 -0.65829399]
J2109-4110 2.0 2.1 2.4 2.0 [-4.12963554  2.51077896 -0.35135276]
J2131-1207 1.8 1.9 2.0 3.3 [ 8.84733678 -5.15840132  0.77270151]
J2136+0041 3.1 8.4 10.0 7.3 [-26.60564688  15.13261206  -2.07269757]
J2147-7536 1.5 1.4 1.0 0.7 [-5.59650762  3.65588991 -0.57852822]
J2148+0657 3.0 3.3 4.5 6.7 [ 6.46428315 -3.79015916  0.59976491]
J2152-7807 0.8 0.8 1.2 0.7 [-10.11950101   5.71379375  -0.8064985 ]
J2206-1835 6.6 5.3 4.2 3.2 [-0.01393643  0.79856046 -0.16966602]
J2225-0457 6.2 4.7 4.3 5.9 [ 12.70997701  -6.78073108   0.95208358]
J2232+1143 6.9 5.4 3.5 3.6 [ 6.15798027 -2.71387838  0.32668501]
J2253+1608 12.2 10.2 23.3 11.0 [-8.80333231  5.55365027 -0.77137778]
J2302-3718 2.5 1.5 1.1 0.5 [-4.3140177   3.37467087 -0.59799667]
J2329-4730 2.8 2.5 2.3 1.6 [-4.25012464  2.91849186 -0.45381967]
J2348-1631 1.2 4.1 3.5 1.8 [-39.05505785  22.24928509  -3.11799339]
J2356-6820 1.2 0.9 1.0 0.9 [ 4.25937077 -2.29669716  0.30669294]
J2357-5311 1.2 1.3 2.0 1.8 [-3.228448    1.65947376 -0.19513199]
