 IAU NAME ALT NAME   RA(J2000.0)     DEC(J2000.0)  RA ERROR DEC ERROR  CCF  EPOCH   FIRST   LAST        #   DELAY RATE    PRI
                   HR MN    SEC     DG MN ARC SEC  TIME SEC ARC SEC          MJD     MJD     MJD       EXP   OBS   OBS

 0003+380 $        00 05 57.175494  38 20 15.14882 0.000057 0.00045   0.000 48719.0 48719.0 48719.0      1    23    23     3
 0003-066 $        00 06 13.892882 -06 23 35.33431 0.000005 0.00010  -0.609 48633.7 47175.0 49252.0     33    93    93     2
 0007+106 IIIZW2   00 10 31.005868  10 58 29.50415 0.000021 0.00046   0.570 47818.0 47287.0 48564.0      8    66    66     2
 0007+171 $        00 10 33.990617  17 24 18.76178 0.000009 0.00019  -0.453 48600.9 47930.0 49032.0     13    38    38     2
 0008-264 $        00 11  1.246759 -26 12 33.37635 0.000023 0.00026  -0.692 48199.8 47684.0 48864.0      5    19    19     2
 0010+405 $        00 13 31.130229  40 51 37.14441 0.000037 0.00041   0.564 48768.4 48433.0 49120.0      5    52    52     2
 0013-005 $        00 16 11.088541 -00 15 12.44478 0.000008 0.00014  -0.755 48445.5 47393.0 49183.0     20   103   103     1
 0014+813 $        00 17  8.474822  81 35  8.13642 0.000028 0.00006  -0.055 48783.2 47022.0 49365.0     29   388   388     1
 0016+731 $        00 19 45.786357  73 27 30.01746 0.000009 0.00004  -0.153 48830.1 47164.0 49405.0    321 18156 18156     1
 0019+058 $        00 22 32.441191  06 08  4.26995 0.000015 0.00025  -0.872 48413.8 47393.0 48941.0     13    21    21     2
 0026+346 $        00 29 14.242673  34 56 32.24918 0.000061 0.00084   0.742 48012.9 47010.0 49175.0     10    51    51     2
 0039+230 $        00 42  4.545163  23 20  1.06120 0.000023 0.00039   0.396 48622.5 48327.0 48918.0      2    34    34     2
 0048-097 $        00 50 41.317383 -09 29  5.20948 0.000001 0.00005   0.010 48560.7 44772.0 49366.0    198  3765  3765     1
 0056-001 $        00 59  5.514919  00 06 51.62209 0.000033 0.00086   0.648 48488.5 47004.0 49176.0      8    70    70     2
 0059+581 $        01 02 45.762355  58 24 11.13684 0.000005 0.00004  -0.128 49078.0 48719.0 49366.0     58  7294  7294     1
 0106+013 $        01 08 38.771072  01 35  0.31767 0.000001 0.00005  -0.066 46890.7 44446.0 49322.0    787 15925 15925     1
 0108+388 $        01 11 37.316840  39 06 28.10395 0.000057 0.00044   0.000 49098.0 49098.0 49098.0      1    24    24     3
 0109+224 $        01 12  5.824705  22 44 38.78667 0.000016 0.00033   0.221 48618.4 48433.0 49063.0      5    82    82     1
 0111+021 $        01 13 43.144947  02 22 17.31674 0.000009 0.00016  -0.826 48337.5 47022.0 49120.0     22   138   138     2
 0112-017 $        01 15 17.099956 -01 27  4.57665 0.000003 0.00009  -0.546 48404.3 47277.0 49062.0     47   172   172     1
 0113-118 $        01 16 12.521970 -11 36 15.43280 0.000006 0.00013  -0.607 48596.8 47175.0 49176.0     22    71    71     2
 0116+319 $        01 19 35.000389  32 10 50.05851 0.001384 0.00813   0.000 48946.5 48918.0 48975.0      2     5     5     3
 0118-272 $        01 20 31.663411 -27 01 24.65218 0.000091 0.00062   0.000 47511.0 47511.0 47511.0      1     9     9     3
 0119+115 $        01 21 41.595029  11 49 50.41354 0.000003 0.00011  -0.486 48483.3 47393.0 49032.0     42   128   128     2
 0119+041 $        01 21 56.861693  04 22 24.73490 0.000001 0.00005   0.001 48549.8 46976.0 49405.0    767 15906 15906     1
 0123+257 $        01 26 42.792667  25 59  1.30111 0.000021 0.00034   0.392 48540.7 48327.0 48918.0      3    55    55     2
 0133+476 $        01 36 58.594786  47 51 29.10017 0.000004 0.00005  -0.049 48286.1 45137.0 49365.0    156  1669  1669     1
 0135-247 $        01 37 38.346351 -24 30 53.88472 0.000055 0.00036  -0.297 47661.5 47639.0 47684.0      2    19    19     2
 0134+329 3C48     01 37 41.299442  33 09 35.13466 0.000043 0.00056   0.589 48538.3 48193.0 49120.0      9    60    60     2
 0138-097 $        01 41 25.832060 -09 28 43.67325 0.000049 0.00043   0.000 46874.0 46874.0 46874.0      1    18    18     3
 0146+056 $        01 49 22.370912  05 55 53.56902 0.000009 0.00016  -0.743 48111.1 47287.0 49021.0     19    99    99     2
 0148+274 $        01 51 27.146140  27 44 41.79377 0.000019 0.00023   0.068 48765.5 48327.0 49098.0      4    98    98     1
 0149+218 $        01 52 18.059036  22 07  7.70038 0.000005 0.00009  -0.487 48320.5 46976.0 49183.0     42   229   229     2
 0153+744 $        01 57 34.964894  74 42 43.23056 0.000079 0.00019   0.164 48170.9 47018.0 49295.0      9    84    84     2
 0159+723 $        02 03 33.384915  72 32 53.66765 0.000030 0.00013   0.032 48561.4 47010.0 49295.0     13    78    78     1
 0201+113 $        02 03 46.657053  11 34 45.41011 0.000003 0.00008  -0.452 48500.8 47511.0 49365.0     84   423   423     1
 0202+149 $        02 04 50.413902  15 14 11.04373 0.000002 0.00005  -0.053 48335.8 46975.0 49365.0    172  1867  1867     1
 0202-172 $        02 04 57.674327 -17 01 19.83959 0.000039 0.00031   0.000 47427.0 47170.0 47684.0      2    26    26     2
 0202+319 $        02 05  4.925362  32 12 30.09589 0.000006 0.00009  -0.417 48237.8 45465.0 49253.0     30   192   192     1
 0212+735 $        02 17 30.813283  73 49 32.62195 0.000009 0.00004  -0.083 47518.9 44898.0 49364.0   1127 39243 39243     1
 0215+015 $        02 17 48.954749  01 44 49.70003 0.000021 0.00044   0.364 48622.5 48327.0 48918.0      2    26    26     2
 0219+428 $        02 22 39.611482  43 02  7.79903 0.000017 0.00022   0.156 48901.6 48649.0 49327.0      5    48    48     2
 0221+067 $        02 24 28.428181  06 59 23.34223 0.000005 0.00011  -0.697 48535.8 47393.0 49032.0     31    67    67     2
 0224+671 4C67.05  02 28 50.051463  67 21  3.02963 0.000014 0.00010  -0.069 45362.9 44088.0 49267.0     28   735   735     1
 0229+131 $        02 31 45.894054  13 22 54.71682 0.000001 0.00005  -0.028 47735.7 44772.0 49405.0   1064 25756 25756     1
 0234+285 $        02 37 52.405667  28 48  8.99043 0.000001 0.00005  -0.045 47931.3 44446.0 49147.0    735 23988 23988     1
 0235+164 $        02 38 38.930100  16 36 59.27519 0.000002 0.00006  -0.085 47842.1 44446.0 49365.0    157  1923  1923     1
 0237-027 $        02 39 45.472256 -02 34 40.91315 0.000020 0.00054   0.000 49252.0 49252.0 49252.0      1    19    19     3
 0237+040 $        02 39 51.263040  04 16 21.41252 0.000006 0.00013  -0.574 48519.8 47940.0 49175.0     17    94    94     1
 0237-233 $        02 40  8.174612 -23 09 15.73643 0.000158 0.00258   0.000 48662.9 48125.0 49327.0     14    42    42     5
 0238-084 NGC1052  02 41  4.798495 -08 15 20.75044 0.000146 0.00075   0.000 47917.3 47175.0 48355.0      3    25    25     3
 0239+108 $        02 42 29.170841  11 01  0.72874 0.000004 0.00010  -0.572 48501.5 47510.0 49147.0     39   140   140     2
 0241+622 $        02 44 57.696814  62 28  6.51457 0.000810 0.00213   0.000 48659.5 48222.0 49097.0      2    13    13     3
 0248+430 $        02 51 34.536776  43 15 15.82921 0.000016 0.00020   0.098 48534.7 47930.0 49183.0      6    90    90     1
 0256+075 $        02 59 27.076621  07 47 39.64393 0.000007 0.00014  -0.534 48426.2 47010.0 49062.0     40   178   178     2
 0259+121 $        03 02 30.546776  12 18 56.74879 0.000020 0.00164   0.000 48698.2 47940.0 49032.0     10    23    23     3
 0300+470 $        03 03 35.242206  47 16 16.27580 0.000003 0.00005  -0.028 48224.2 45137.0 49210.0    639 20446 20446     1
 0302+625 $        03 06 42.659521  62 43  2.02443 0.000019 0.00015  -0.177 48803.4 48612.0 49032.0     11    36    36     2
 0306+102 $        03 09  3.623518  10 29 16.34140 0.000011 0.00018  -0.877 48325.9 47393.0 49253.0     18    67    67     2
 0309+411 $        03 13  1.962120  41 20  1.18396 0.000008 0.00010  -0.424 48418.7 47164.0 49030.0     23   113   113     1
 0316+413 3C84     03 19 48.160092  41 30 42.10384 0.000018 0.00025   0.000 47850.9 44088.0 49032.0     59   609   609     5
 0317+188 $        03 19 51.256598  19 01 31.29281 0.000117 0.00160   0.000 48982.3 48941.0 49030.0      3     5     5     3
 0319+121 $        03 21 53.103501  12 21 13.95431 0.000011 0.00028   0.322 47940.3 47018.0 49183.0      9   101   101     2
 0326+278 $        03 29 57.669406  27 56 15.49986 0.000012 0.00016  -0.774 48374.8 47164.0 49175.0     23    89    89     2
 0333+321 NRAO140  03 36 30.107601  32 18 29.34271 0.000004 0.00007  -0.133 48560.4 44772.0 49365.0     64   369   369     1
 0334+014 $        03 37 17.113468  01 37 22.77465 0.003751 0.02906   0.000 49176.0 49176.0 49176.0      1     2     2     3
 0336-019 CTA26    03 39 30.937795 -01 46 35.80310 0.000001 0.00006   0.029 48587.4 44772.0 49405.0    122  1701  1701     1
 0338-214 $        03 40 35.607912 -21 19 31.17067 0.000064 0.00038   0.540 47022.0 46874.0 47170.0      2    16    16     2
 0341+158 $        03 44 23.172188  15 59 43.37011 0.000011 0.00036  -0.508 48575.0 47393.0 49032.0     10    20    20     2
 0342+147 $        03 45  6.416547  14 53 49.55876 0.000007 0.00012  -0.635 48479.8 47393.0 49252.0     22   177   177     2
 0355+508 NRAO150  03 59 29.747263  50 57 50.16202 0.000005 0.00006  -0.032 46489.4 44088.0 49322.0     99  2833  2833     1
 0400+258 $        04 03  5.586052  26 00  1.50337 0.000006 0.00011  -0.364 48257.3 47004.0 49183.0     36   192   192     1
 0403-132 $        04 05 34.003415 -13 08 13.68922 0.000049 0.00043   0.000 47175.0 47175.0 47175.0      1    12    12     3
 0405-123 $        04 07 48.430857 -12 11 36.65881 0.000253 0.00176   0.000 48765.0 48765.0 48765.0      1     4     4     3
 0405+305 $        04 08 20.377553  30 32 30.49137 0.000047 0.00133   0.666 49208.4 49032.0 49327.0      5    20    20     2
 0406-127 $        04 09  5.769725 -12 38 48.14275 0.000013 0.00021  -0.824 48404.2 47776.0 49030.0     16    26    26     2
 0406+121 $        04 09 22.008731  12 17 39.84825 0.000008 0.00013  -0.751 48266.1 46976.0 49175.0     25   141   141     2
 0414-189 $        04 16 36.544460 -18 51  8.33936 0.000042 0.00041   0.361 47004.5 46839.0 47170.0      2    22    22     2
 0420-014 $        04 23 15.800725 -01 20 33.06440 0.000001 0.00005   0.000 48198.3 44772.0 49398.0    975 21222 21222     1
 0420+417 $        04 23 56.009777  41 50  2.71343 0.000010 0.00017   0.309 48174.7 47567.0 49120.0     17   153   153     1
 0422+004 $        04 24 46.842067  00 36  6.33058 0.000025 0.00072   0.753 48116.4 46975.0 49063.0      7    46    46     2
 0423+051 $        04 26 36.604105  05 18 19.87280 0.000019 0.00058   0.199 48668.8 48193.0 49253.0      8    62    62     2
 0425+048 $        04 27 47.570597  04 57  8.32553 0.000106 0.00160   0.000 48250.5 47393.0 49030.0     11    19    19     3
 0430+052 3C120    04 33 11.095517  05 21 15.62031 0.000028 0.00061   0.000 47804.0 44088.0 49032.0     19   154   154     5
 0434-188 $        04 37  1.482726 -18 44 48.61231 0.000005 0.00009  -0.582 48354.1 46874.0 49215.0    105   316   316     1
 0440-003 NRAO190  04 42 38.660738 -00 17 43.41889 0.000011 0.00027   0.092 47798.4 47010.0 48879.0     14   107   107     2
 0440+345 $        04 43 31.635314  34 41  6.66327 0.000043 0.00042  -0.930 48407.7 47717.0 49030.0     10    17    17     2
 0446+112 $        04 49  7.671111  11 21 28.59742 0.000015 0.00028  -0.736 47798.8 47393.0 48355.0      6    11    11     2
 0451-282 $        04 53 14.646848 -28 07 37.32689 0.000033 0.00041  -0.945 48282.9 47175.0 48927.0      9    24    24     2
 0454-234 $        04 57  3.179229 -23 24 52.01887 0.000001 0.00005  -0.098 48501.9 46439.0 49398.0    786  9283  9283     1
 0457+024 $        04 59 52.050643  02 29 31.17685 0.000009 0.00020   0.418 47974.4 47004.0 49322.0     17   185   185     1
 0458-020 $        05 01 12.809884 -01 59 14.25522 0.000001 0.00005  -0.065 48904.2 44772.0 49405.0    285  6541  6541     1
 0458+138 $        05 01 45.270837  13 56  7.22101 0.000017 0.00030  -0.781 48169.8 47393.0 48976.0     13    21    21     2
 0459+060 $        05 02 15.445947  06 09  7.49472 0.000028 0.00044  -0.904 47855.0 47393.0 48205.0      7    12    12     2
 0500+019 $        05 03 21.197190  02 03  4.67715 0.000010 0.00017  -0.772 48280.5 47393.0 49183.0     13    87    87     2
 0502+049 $        05 05 23.184732  04 59 42.72546 0.000022 0.00033  -0.895 48032.6 47393.0 49063.0      9    28    28     2
 0454+844 $        05 08 42.363363  84 32  4.54437 0.000047 0.00007  -0.017 48418.8 46976.0 49295.0     34   188   188     1
 0506+101 $        05 09 27.457069  10 11 44.60106 0.000007 0.00014  -0.738 48592.7 47393.0 49032.0     24    46    46     2
 0507+179 $        05 10  2.369130  18 00 41.58238 0.000008 0.00013  -0.587 48480.3 47604.0 49252.0     22   144   144     1
 0511-220 $        05 13 49.114316 -21 59 16.09044 0.000015 0.00023  -0.730 48061.8 47175.0 49097.0     11    34    34     2
 0518+165 3C138    05 21  9.886031  16 38 22.05161 0.000039 0.00082   0.680 48429.0 47930.0 49253.0      8    69    69     2
 0528-250 $        05 30  7.962804 -25 03 29.89859 0.000024 0.00028  -0.304 48566.6 47511.0 49327.0      8    40    40     2
 0528+134 $        05 30 56.416746  13 31 55.15027 0.000001 0.00005   0.086 47826.7 44772.0 49405.0   1303 32612 32612     1
 0529+075 $        05 32 38.998406  07 32 43.34610 0.000055 0.00051   0.000 48751.5 48222.0 49120.0      8    46    46     3
 0537-158 $        05 39 32.010152 -15 50 30.31945 0.000030 0.00058  -0.791 48262.7 47776.0 49030.0     10    12    12     2
 0536+145 $        05 39 42.365998  14 33 45.56327 0.000014 0.00068   0.000 48505.6 47393.0 49032.0     28    52    52     3
 0537-286 $        05 39 54.281425 -28 39 55.94642 0.000017 0.00026   0.198 48889.9 48572.0 49271.0     14    44    44     2
 0539-057 $        05 41 38.083341 -05 41 49.42747 0.000017 0.00047   0.057 48539.3 47175.0 49267.0      3    51    51     2
 0538+498 3C147    05 42 36.137924  49 51  7.23412 0.000051 0.00052   0.588 48723.3 48537.0 48852.0      3    29    29     2
 0544+273 $        05 47 34.148927  27 21 56.84311 0.000028 0.00034  -0.908 48308.5 47393.0 49030.0     15    24    24     2
 0552+398 $        05 55 30.805605  39 48 49.16555 0.000003 0.00004   0.134 47692.5 44088.0 49405.0   1584 73662 73662     1
 0556+238 $        05 59 32.033135  23 53 53.92747 0.000007 0.00012  -0.633 48285.8 47393.0 49030.0     26    51    51     2
 0600+177 $        06 03  9.130276  17 42 16.81129 0.000020 0.00028  -0.948 48354.7 47393.0 49030.0     19    42    42     2
 0605-085 $        06 07 59.699233 -08 34 49.97707 0.000005 0.00012  -0.480 48420.3 44772.0 49032.0     23    99    99     1
 0607-157 $        06 09 40.949495 -15 42 40.67106 0.000009 0.00017  -0.689 48529.9 45465.0 49176.0     16    50    50     2
 0611+131 $        06 13 57.692754  13 06 45.40064 0.000031 0.00199   0.000 48050.3 47393.0 48437.0     12    23    23     3
 0609+607 $        06 14 23.866192  60 46 21.75600 0.000021 0.00015   0.090 47746.1 45465.0 49120.0     15   196   196     1
 0615+820 $        06 26  3.006127  82 02 25.56798 0.000053 0.00010  -0.011 48282.7 47018.0 49295.0     22   182   182     1
 0636+680 $        06 42  4.257378  67 58 35.62123 0.000027 0.00015  -0.154 48815.2 48356.0 49292.0     25   147   147     2
 0642+214 3C166    06 45 24.099509  21 21 51.20229 0.000036 0.00047  -0.972 48530.2 47717.0 49030.0     11    21    21     2
 0642+449 $        06 46 32.025998  44 51 16.59046 0.000005 0.00007   0.010 48604.9 45465.0 49365.0     43   372   372     1
 0648-165 $        06 50 24.581899 -16 37 39.72374 0.000022 0.00029   0.000 46874.0 46874.0 46874.0      1    25    25     3
 0650+371 $        06 53 58.282862  37 05 40.60708 0.000006 0.00011  -0.284 48682.1 48347.0 49032.0     29    65    65     1
 0657+172 $        07 00  1.525540  17 09 21.70241 0.000003 0.00006  -0.137 48385.4 47516.0 49327.0     94   562   562     1
 0707+476 $        07 10 46.104891  47 32 11.14392 0.000015 0.00022   0.128 48237.0 46976.0 49021.0      7    95    95     1
 0710+439 $        07 13 38.164118  43 49 17.20759 0.000021 0.00050   0.000 48679.3 48138.0 49183.0     20   109   109     5
 0711+356 $        07 14 24.817577  35 34 39.79400 0.000016 0.00030  -0.135 47653.2 45465.0 49253.0     12   114   114     1
 0716+714 $        07 21 53.448461  71 20 36.36384 0.000015 0.00008   0.159 47975.1 47164.0 49295.0    120   579   579     1
 0722+145 $        07 25 16.807767  14 25 13.74725 0.000010 0.00016  -0.641 48015.5 47393.0 49120.0     13    61    61     1
 0723-008 $        07 25 50.639953 -00 54 56.54392 0.000013 0.00029   0.114 47431.0 44772.0 49267.0      9   108   108     1
 0718+793 $        07 26 11.735148  79 11 31.01645 0.000079 0.00021  -0.023 48758.5 48222.0 49295.0      2    71    71     2
 0727-115 $        07 30 19.112466 -11 41 12.59936 0.000001 0.00005  -0.115 48449.1 45465.0 49405.0    915 18277 18277     1
 0733-174 $        07 35 45.812497 -17 35 48.50051 0.000025 0.00080  -0.214 49127.5 48918.0 49271.0      4    43    43     2
 0735+178 $        07 38  7.393756  17 42 18.99899 0.000001 0.00004   0.092 48828.1 44772.0 49405.0    354  7630  7630     1
 0736+017 $        07 39 18.033888  01 37  4.61905 0.000006 0.00013  -0.657 47914.2 44772.0 49062.0     27   129   129     2
 0738+313 $        07 41 10.703311  31 12  0.22912 0.000006 0.00008  -0.054 48146.8 45465.0 49201.0     22   493   493     1
 0742+103 $        07 45 33.059506  10 11 12.69334 0.000001 0.00005   0.048 48067.3 44772.0 48983.0    216  4804  4804     1
 0743-006 $        07 45 54.082310 -00 44 17.53849 0.000009 0.00020  -0.448 48081.9 46975.0 48976.0     14    94    94     2
 0743+259 $        07 46 25.874181  25 49  2.13555 0.000026 0.00040  -0.830 47812.1 47406.0 48370.0      7    17    17     2
 0745+241 $        07 48 36.109279  24 00 24.11079 0.000004 0.00007  -0.085 48258.5 47473.0 49032.0    106   566   566     1
 0748+126 $        07 50 52.045736  12 31  4.82943 0.000010 0.00025   0.120 47562.7 44772.0 49021.0      6    64    64     1
 0749+540 $        07 53  1.384592  53 52 59.63747 0.000011 0.00015   0.155 48384.4 45774.0 49120.0     12    81    81     1
 0754+100 $        07 57  6.642929  09 56 34.85263 0.000009 0.00016  -0.290 47772.3 46501.0 49253.0     10    86    86     1
 0805-077 $        08 08 15.536026 -07 51  9.88524 0.000004 0.00010  -0.528 48562.1 47175.0 49032.0     22    73    73     2
 0804+499 $        08 08 39.666290  49 50 36.53097 0.000005 0.00005   0.074 48780.9 47164.0 49366.0     13   935   935     1
 0805+410 $        08 08 56.652053  40 52 44.88942 0.000005 0.00008   0.030 49147.4 48719.0 49322.0      5   244   244     1
 0808+019 $        08 11 26.707315  01 46 52.22123 0.000005 0.00014  -0.480 48593.3 46976.0 49183.0     18   105   105     2
 0812+367 $        08 15 25.944848  36 35 15.14879 0.000017 0.00030   0.205 47590.8 45774.0 49120.0      5    65    65     2
 0814+425 $        08 18 15.999624  42 22 45.41547 0.000005 0.00006  -0.040 48143.0 45137.0 49365.0    116  1145  1145     1
 0818-128 $        08 20 57.447574 -12 58 59.16731 0.000056 0.00035   0.000 47511.0 47511.0 47511.0      1    15    15     3
 0820+560 $        08 24 47.236378  55 52 42.66993 0.000007 0.00006  -0.023 48646.3 46976.0 49366.0     15   527   527     1
 0821+394 $        08 24 55.483857  39 16 41.90478 0.000013 0.00017   0.275 48490.4 48193.0 49267.0      8    93    93     1
 0823+033 $        08 25 50.338357  03 09 24.52106 0.000001 0.00005  -0.060 48669.3 45465.0 49366.0    227  4635  4635     1
 0823-223 $        08 26  1.573012 -22 30 27.20288 0.000073 0.00162  -0.588 47022.0 46874.0 47170.0      2    12    12     2
 0827+243 $        08 30 52.086185  24 10 59.82116 0.000009 0.00014  -0.482 47877.1 47022.0 49252.0     12   116   116     1
 0829+046 $        08 31 48.876958  04 29 39.08640 0.000014 0.00036   0.115 48964.7 48648.0 49183.0      3    46    46     2
 0828+493 $        08 32 23.216704  49 13 21.03862 0.000011 0.00019   0.124 48353.3 47022.0 49253.0     15   117   117     2
 0831+557 $        08 34 54.904040  55 34 21.07144 0.000065 0.00045   0.131 48586.6 47930.0 49175.0      7    68    68     2
 0834-201 $        08 36 39.215306 -20 16 59.50295 0.000037 0.00093  -0.476 47004.5 46839.0 47170.0      2    20    20     2
 0833+585 $        08 37 22.409734  58 25  1.84547 0.000029 0.00020   0.191 48248.1 46976.0 49120.0     11    67    67     1
 0836+710 $        08 41 24.365277  70 53 42.17379 0.000029 0.00017   0.245 48050.0 46976.0 49295.0      6    95    95     1
 0839+187 $        08 42  5.094188  18 35 40.99114 0.000015 0.00029   0.348 48668.8 48021.0 49267.0      6   103   103     1
 0850+581 $        08 54 41.996423  57 57 29.93880 0.000097 0.00083   0.000 48719.0 48719.0 48719.0      1    15    15     3
 0851+202 OJ287    08 54 48.874931  20 06 30.64149 0.000001 0.00004   0.015 47666.4 44202.0 49405.0   1518 44566 44566     1
 0859-140 $        09 02 16.830883 -14 15 30.87396 0.000009 0.00015  -0.702 48584.1 46874.0 49032.0     15    44    44     2
 0859+470 $        09 03  3.990117  46 51  4.13780 0.000006 0.00009   0.057 48236.2 47004.0 49175.0     99   396   396     1
 0906+015 $        09 09 10.091585  01 21 35.61877 0.000008 0.00016  -0.497 47924.9 47004.0 49063.0     19   138   138     2
 0912+029 $        09 14 37.913525  02 45 59.24598 0.000153 0.00230  -0.998 47766.7 47406.0 48159.0      6    12    12     2
 0912+297 $        09 15 52.401633  29 33 24.04352 0.000024 0.00044   0.441 48726.0 48193.0 49252.0      6    81    81     2
 0917+449 $        09 20 58.458496  44 41 53.98535 0.000007 0.00010  -0.169 48651.0 46976.0 49032.0     21    95    95     1
 0919-260 $        09 21 29.353851 -26 18 43.38511 0.000010 0.00023   0.000 48410.7 46839.0 49366.0     87   762   762     5
 0917+624 $        09 21 36.231131  62 15 52.18070 0.000018 0.00013   0.063 47920.6 45774.0 49062.0      8   146   146     1
 0923+392 4C39.25  09 27  3.013913  39 02 20.85245 0.000003 0.00004  -0.011 47683.1 44088.0 49405.0   1459 62548 62548     1
 0925-203 $        09 27 51.824318 -20 34 51.23120 0.000023 0.00035  -0.848 48375.8 47776.0 48915.0     23    49    49     2
 0945+408 $        09 48 55.338171  40 39 44.58771 0.000013 0.00016   0.215 48403.0 47930.0 49120.0      8   102   102     1
 0952+179 $        09 54 56.823624  17 43 31.22288 0.000010 0.00041   0.229 48478.5 48138.0 49175.0     12    81    81     1
 0951+692 SN1993J  09 55 24.774793  69 01 13.70323 0.000030 0.00022   0.000 49235.0 49224.0 49246.0      2    84    84     4
 0951+693 M81      09 55 33.173044  69 03 55.06152 0.000117 0.00014   0.000 49235.0 49224.0 49246.0      2   171   171     4
 0953+254 OK290    09 56 49.875379  25 15 16.05025 0.000002 0.00005  -0.014 48627.3 44446.0 49366.0    123  2006  2006     1
 0955+476 $        09 58 19.671665  47 25  7.84292 0.000003 0.00004  -0.039 49112.0 48719.0 49405.0    129  4276  4276     1
 0955+326 $        09 58 20.949647  32 24  2.20972 0.000015 0.00028   0.200 48319.0 47760.0 48879.0      5    87    87     1
 0954+658 $        09 58 47.245143  65 33 54.81844 0.000007 0.00004  -0.064 48593.8 46975.0 49366.0    147  5247  5247     1
 1004+141 $        10 07 41.498077  13 56 29.60200 0.000009 0.00018  -0.521 47905.2 47010.0 49063.0     13    86    86     2
 1011+250 $        10 13 53.428727  24 49 16.44169 0.000007 0.00023  -0.364 48832.3 48352.0 49032.0     10    18    18     2
 1012+232 $        10 14 47.065460  23 01 16.57139 0.000009 0.00015  -0.513 48222.6 47406.0 49252.0     11    82    82     1
 1020+400 $        10 23 11.565649  39 48 15.38591 0.000013 0.00019   0.051 48135.2 46976.0 49183.0      8   107   107     1
 1021-006 $        10 24 29.586542 -00 52 55.49755 0.000025 0.00065   0.563 48969.2 48663.0 49292.0      6    62    62     2
 1022+194 $        10 24 44.809592  19 12 20.41597 0.000014 0.00028  -0.678 48014.0 47782.0 48161.0      7    13    13     2
 1030+415 $        10 33  3.707839  41 16  6.23333 0.000023 0.00023   0.248 47744.1 47018.0 49175.0     10    76    76     1
 1032-199 $        10 35  2.155260 -20 11 34.35871 0.000038 0.00027  -0.035 48256.7 47175.0 48820.0      3    25    25     2
 1031+567 $        10 35  7.040168  56 28 46.79624 0.000253 0.00080   0.000 48280.8 47022.0 49327.0     13    75    75     5
 1034-293 $        10 37 16.079712 -29 34  2.81208 0.000003 0.00006  -0.093 48301.6 46439.0 49366.0    469  3421  3421     2
 1038+064 $        10 41 17.162503  06 10 16.92453 0.000007 0.00015  -0.577 48318.5 47567.0 49021.0     15   106   106     1
 1038+52A $        10 41 46.781673  52 33 28.23181 0.000008 0.00009   0.065 48906.6 48523.0 49327.0     27   247   247     1
 1038+52B $        10 41 48.897519  52 33 55.60932 0.000406 0.00201   0.000 48907.4 48579.0 49246.0      9    29    29     3
 1040+123 3C245    10 42 44.605210  12 03 31.26421 0.000011 0.00023  -0.468 48122.2 47658.0 49063.0     10    69    69     1
 1039+811 $        10 44 23.062671  80 54 39.44323 0.000031 0.00007  -0.013 48488.9 47287.0 49295.0     26   172   172     1
 1042+071 $        10 44 55.911254  06 55 38.26356 0.000015 0.00033  -0.704 47976.6 47776.0 48352.0      7    11    11     2
 1045-188 $        10 48  6.620407 -19 09 35.72731 0.000063 0.00072   0.000 47175.0 47175.0 47175.0      1     6     6     3
 1044+719 $        10 48 27.619915  71 43 35.93888 0.000014 0.00007  -0.060 48935.2 47604.0 49366.0     19   548   548     1
 1049+215 $        10 51 48.789064  21 19 52.31393 0.000014 0.00026   0.238 48434.0 47930.0 49120.0      4    55    55     1
 1053+704 $        10 56 53.617604  70 11 45.91627 0.000029 0.00014  -0.117 49240.8 49124.0 49365.0      9    84    84     1
 1053+815 $        10 58 11.535468  81 14 32.67532 0.000041 0.00009   0.057 48832.1 47451.0 49366.0     35   425   425     1
 1055+018 $        10 58 29.605209  01 33 58.82445 0.000001 0.00006  -0.239 47834.8 44772.0 49252.0    265  3999  3999     1
 1111+149 $        11 13 58.695095  14 42 26.95322 0.000009 0.00018  -0.361 47894.2 47004.0 49175.0     16   143   143     2
 1116+128 $        11 18 57.301445  12 34 41.71862 0.000005 0.00013  -0.399 48498.7 47273.0 49032.0     22   105   105     1
 1117+146 $        11 20 27.807256  14 20 54.99307 0.000364 0.00609   0.000 49097.0 49097.0 49097.0      1     3     3     3
 1123+264 $        11 25 53.711940  26 10 19.97906 0.000003 0.00006  -0.238 48432.2 46976.0 49365.0    123   804   804     1
 1124-186 $        11 27  4.392416 -18 57 17.44030 0.000005 0.00013  -0.397 48400.9 46874.0 49055.0     77   256   256     2
 1127-145 $        11 30  7.052599 -14 49 27.38744 0.000007 0.00017  -0.590 48602.9 48091.0 49097.0     18    60    60     2
 1128+385 $        11 30 53.282627  38 15 18.54748 0.000003 0.00005  -0.041 48736.1 45774.0 49366.0     47  1187  1187     1
 1128-047 $        11 31 30.516582 -05 00 19.65848 0.000208 0.00441   0.000 49098.0 49098.0 49098.0      1    11    11     3
 1130+009 $        11 33 20.055766  00 40 52.83795 0.000011 0.00023  -0.601 48168.5 47018.0 49267.0     16    82    82     1
 1143-245 $        11 46  8.103371 -24 47 32.89593 0.000056 0.00041  -0.085 47661.5 47639.0 47684.0      2    26    26     2
 1144+402 $        11 46 58.297935  39 58 34.30493 0.000004 0.00006  -0.069 47611.5 45137.0 49253.0    152  2054  2054     1
 1145-071 $        11 47 51.554024 -07 24 41.14010 0.000005 0.00010  -0.129 48634.4 47175.0 49365.0     40   274   274     1
 1147+245 $        11 50 19.212222  24 17 53.83575 0.000058 0.00052   0.000 48719.0 48719.0 48719.0      1    14    14     3
 1148-001 $        11 50 43.870772 -00 23 54.20408 0.000009 0.00022  -0.237 47986.8 47022.0 49267.0     18   128   128     1
 1150+812 $        11 53 12.499341  80 58 29.15468 0.000027 0.00007  -0.028 48296.4 46975.0 49295.0     26   421   421     1
 1150+497 $        11 53 24.466661  49 31  8.83025 0.000020 0.00021   0.296 48500.8 47930.0 49252.0      5    70    70     1
 1155+251 $        11 58 25.787517  24 50 17.96389 0.000025 0.00042   0.361 48670.7 48138.0 49253.0      6    69    69     2
 1156-094 $        11 59 12.711675 -09 40 52.04819 0.000027 0.00042  -0.870 48316.4 47776.0 48976.0     10    13    13     2
 1156+295 $        11 59 31.833922  29 14 43.82722 0.000002 0.00005  -0.100 48321.3 46976.0 49287.0    197  5625  5625     1
 1213-172 $        12 15 46.751699 -17 31 45.40310 0.000040 0.00065   0.000 46839.0 46839.0 46839.0      1    11    11     3
 1213+350 $        12 15 55.601079  34 48 15.22099 0.000019 0.00028   0.312 48534.0 48193.0 49175.0      9   105   105     2
 1215+303 $        12 17 52.081985  30 07  0.63621 0.000021 0.00041   0.461 48686.0 48433.0 49120.0      4    62    62     1
 1216+487 $        12 19  6.414775  48 29 56.16526 0.000018 0.00018   0.234 47992.0 46976.0 49183.0     10   113   113     1
 1219+285 $        12 21 31.690527  28 13 58.50038 0.000007 0.00013  -0.525 48261.0 44446.0 49062.0     24   192   192     2
 1219+044 $        12 22 22.549611  04 13 15.77688 0.000002 0.00007  -0.074 49290.4 48377.0 49405.0     38  1018  1018     1
 1221+809 $        12 23 40.493927  80 40  4.34050 0.000078 0.00022  -0.066 48671.7 48021.0 49295.0      7   135   135     1
 1222+037 $        12 24 52.421889  03 30 50.29398 0.000008 0.00018  -0.065 48156.9 46501.0 49267.0     45   178   178     2
 1226+373 $        12 28 47.423739  37 06 12.09616 0.000034 0.00028   0.135 48548.0 48377.0 48719.0      2    36    36     2
 1226+023 3C273B   12 29  6.699725  02 03  8.59893 0.000002 0.00004   0.000 46805.5 44088.0 49322.0    681 16057 16057     5
 1228+126 3C274    12 30 49.423397  12 23 28.04441 0.000009 0.00016  -0.341 47967.4 46501.0 49021.0     11    98    98     1
 1236+077 $        12 39 24.588346  07 30 17.19044 0.000023 0.00050   0.457 48737.0 48377.0 49097.0      2    35    35     2
 1243-072 $        12 46  4.232090 -07 30 46.57378 0.000011 0.00021  -0.628 47759.6 47175.0 48161.0     11    37    37     2
 1244-255 $        12 46 46.802021 -25 47 49.28790 0.000006 0.00009  -0.543 48569.2 46874.0 49364.0     64   275   275     1
 1252+119 $        12 54 38.255598  11 41  5.89551 0.000006 0.00015  -0.001 48451.6 46976.0 49253.0     30   177   177     1
 1253-055 3C279    12 56 11.166503 -05 47 21.52359 0.000003 0.00008  -0.063 47891.4 44088.0 49147.0    136  1682  1682     2
 1257+145 $        13 00 20.918856  14 17 18.53111 0.000084 0.00235   0.000 48957.3 48803.0 49327.0      6    17    17     3
 1302-102 $        13 05 33.014989 -10 33 19.42698 0.000006 0.00014  -0.575 48360.7 47175.0 49032.0     21    58    58     2
 1307+121 $        13 09 33.932417  11 54 24.55279 0.000054 0.00091   0.000 49098.0 49098.0 49098.0      1    21    21     3
 1308+326 $        13 10 28.663862  32 20 43.78314 0.000002 0.00004  -0.129 48417.9 44772.0 49405.0    578 19911 19911     1
 1315+346 OP326    13 17 36.494212  34 25 15.93255 0.000009 0.00014  -0.481 48511.4 47945.0 49327.0     16    34    34     2
 1323+321 $        13 26 16.511501  31 54  9.52107 0.000373 0.00391   0.000 48822.8 48222.0 49176.0      4    25    25     5
 1324+224 $        13 27  0.861320  22 10 50.16318 0.000005 0.00009  -0.582 48730.9 48428.0 49032.0     28    80    80     2
 1328+307 3C286    13 31  8.288147  30 30 32.96026 0.000047 0.00096   0.000 49043.3 48781.0 49252.0      3    24    24     3
 1334-127 $        13 37 39.782763 -12 57 24.69242 0.000001 0.00005   0.005 48592.2 46839.0 49405.0    710 12984 12984     1
 1338+381 $        13 40 22.951843  37 54 43.83469 0.000068 0.00070  -0.517 49044.8 48941.0 49176.0      4    22    22     2
 1342+662 $        13 43 45.959648  66 02 25.74529 0.000042 0.00026  -0.062 48326.3 47782.0 49176.0      3    60    60     2
 1342+663 $        13 44  8.679738  66 06 11.64374 0.000014 0.00009   0.246 48206.9 47451.0 49183.0     27   190   190     1
 1345+125 $        13 47 33.361684  12 17 24.23945 0.000047 0.00106   0.000 48491.1 47658.0 49175.0      7    46    46     5
 1347+539 $        13 49 34.656676  53 41 17.04020 0.000018 0.00021   0.190 48640.5 47930.0 49253.0      8   100   100     1
 1351-018 $        13 54  6.895308 -02 06  3.18998 0.000009 0.00018   0.120 48981.0 48572.0 49365.0     17    92    92     1
 1354+195 $        13 57  4.436671  19 19  7.37242 0.000003 0.00007  -0.371 47978.0 44446.0 49267.0     80  1131  1131     1
 1354-152 $        13 57 11.244960 -15 27 28.78581 0.000005 0.00009  -0.506 48248.5 46874.0 49055.0     85   280   280     2
 1357+769 $        13 57 55.371626  76 43 21.05116 0.000014 0.00005  -0.065 48516.4 47010.0 49366.0     10   708   708     1
 1402-012 $        14 04 45.895202 -01 30 21.95048 0.000209 0.00227   0.000 48852.0 48663.0 49097.0      3    18    18     3
 1402+044 $        14 05  1.119815  04 15 35.81974 0.000009 0.00022  -0.191 49141.7 48887.0 49365.0     15    74    74     1
 1404+286 OQ208    14 07  0.394420  28 27 14.69008 0.000002 0.00005  -0.100 47350.5 44340.0 49183.0    994 30589 30589     1
 1406-076 $        14 08 56.481179 -07 52 26.66554 0.000011 0.00017  -0.767 48332.4 47175.0 49030.0     17    35    35     2
 1409+218 $        14 11 54.862007  21 34 23.44007 0.000075 0.00241   0.000 48862.0 48862.0 48862.0      1    16    16     3
 1413+135 $        14 15 58.817498  13 20 23.71324 0.000006 0.00016  -0.353 48326.5 45137.0 49252.0     24    94    94     2
 1416+067 $        14 19  8.180426  06 28 34.80562 0.000076 0.00111   0.436 48709.4 48193.0 49176.0      5    41    41     2
 1418+546 $        14 19 46.597438  54 23 14.78719 0.000005 0.00006  -0.035 47995.2 45137.0 49120.0    127  2047  2047     1
 1417+273 $        14 19 59.297034  27 06 25.55396 0.000047 0.00124   0.000 48862.0 48862.0 48862.0      1    25    25     3
 1420+326 $        14 22 30.379295  32 23 10.44072 0.000752 0.04299   0.000 48862.0 48862.0 48862.0      1     2     2     3
 1424+240 $        14 27  0.391818  23 48  0.03642 0.000048 0.00109   0.000 48862.0 48862.0 48862.0      1    32    32     3
 1430-178 $        14 32 57.690572 -18 01 35.24740 0.000027 0.00036  -0.929 48501.3 48159.0 48976.0     10    16    16     2
 1432+200 $        14 34 39.793330  19 52  0.73858 0.000138 0.00100   0.000 48862.0 48862.0 48862.0      1    12    12     3
 1433+304 $        14 35 35.402094  30 12 24.52459 0.000100 0.00402   0.000 48862.0 48862.0 48862.0      1     7     7     3
 1435+638 $        14 36 45.802174  63 36 37.86663 0.000023 0.00016   0.300 47992.3 47022.0 49021.0     11   165   165     1
 1435-218 $        14 38  9.469383 -22 04 54.74716 0.000013 0.00018  -0.773 48684.8 47175.0 49329.0     21    51    51     1
 1442+101 OQ172    14 45 16.465237  09 58 36.07312 0.000019 0.00026   0.609 48582.7 47010.0 49327.0     29   150   150     2
 1443-162 $        14 45 53.376295 -16 29  1.61832 0.000015 0.00022  -0.864 48445.0 47940.0 48976.0     11    25    25     2
 1445-161 $        14 48 15.054149 -16 20 24.54837 0.000013 0.00019  -0.864 48459.4 47604.0 49030.0     15    35    35     2
 1448+762 $        14 48 28.779005  76 01 11.59709 0.000102 0.00022   0.362 48143.3 47018.0 49295.0      7    62    62     2
 1458+718 3C309.1  14 59  7.583921  71 40 19.86790 0.000041 0.00022   0.093 48490.4 48193.0 49267.0      8    93    93     2
 1459+480 $        15 00 48.654243  47 51 15.53807 0.000017 0.00021   0.175 48147.1 47458.0 49252.0      8    84    84     1
 1502+106 $        15 04 24.979782  10 29 39.19877 0.000001 0.00005  -0.079 48177.4 44446.0 49147.0    495 10728 10728     1
 1502+036 $        15 05  6.477184  03 26 30.81343 0.000020 0.00061  -0.243 49017.5 48852.0 49183.0      2    44    44     2
 1504+377 $        15 06  9.529984  37 30 51.13235 0.000008 0.00015  -0.153 48572.1 46976.0 49032.0     14    84    84     1
 1504-166 $        15 07  4.786927 -16 52 30.26661 0.000005 0.00010  -0.593 48524.8 46839.0 49032.0     31    94    94     2
 1510-089 $        15 12 50.532914 -09 05 59.82896 0.000001 0.00006  -0.071 48457.8 44772.0 49257.0    269  3067  3067     2
 1511-100 $        15 13 44.893431 -10 12  0.26371 0.000009 0.00016  -0.605 48292.0 46874.0 48976.0     18    45    45     2
 1514+197 $        15 16 56.796187  19 32 12.99191 0.000015 0.00037   0.115 48652.5 48433.0 49062.0      4    82    82     1
 1514-241 $        15 17 41.813135 -24 22 19.47543 0.000014 0.00018  -0.803 48291.6 46839.0 48976.0     14    41    41     2
 1519-273 $        15 22 37.675973 -27 30 10.78472 0.000005 0.00008  -0.437 48433.2 46874.0 49365.0     91   277   277     1
 1532+016 $        15 34 52.453666  01 31  4.20693 0.000007 0.00015  -0.613 48532.4 47406.0 49176.0     21   107   107     1
 1538+149 $        15 40 49.491512  14 47 45.88487 0.000005 0.00011  -0.572 48306.3 45137.0 49063.0     33   156   156     2
 1547+507 $        15 49 17.468541  50 38  5.78792 0.000019 0.00019   0.503 47695.6 47004.0 49120.0     10    89    89     1
 1546+027 $        15 49 29.436839  02 37  1.16373 0.000005 0.00014  -0.452 48396.2 47004.0 49253.0     23   124   124     2
 1548+056 $        15 50 35.269242  05 27 10.44846 0.000001 0.00006   0.010 47785.3 44772.0 49365.0    233  5150  5150     1
 1555+001 $        15 57 51.433957 -00 01 50.41345 0.000004 0.00009  -0.571 48354.2 44772.0 49032.0     52   204   204     2
 1555-140 $        15 58 21.949592 -14 09 59.07135 0.000330 0.00451   0.000 48832.0 48703.0 48976.0      4     4     4     3
 1600+335 $        16 02  7.263478  33 26 53.07278 0.000007 0.00021  -0.095 48819.3 48102.0 49032.0      7    23    23     2
 1606+106 $        16 08 46.203178  10 29  7.77603 0.000001 0.00005   0.025 48959.3 45137.0 49405.0    274  7590  7590     1
 1607+268 CTD93    16 09 13.320860  26 41 29.03795 0.000027 0.00064   0.510 47795.8 44088.0 49253.0      8    63    63     2
 1611+343 $        16 13 41.064262  34 12 47.90895 0.000002 0.00005   0.054 48480.1 44772.0 49405.0    687 22829 22829     1
 1614+051 $        16 16 37.556809  04 59 32.73678 0.000006 0.00014  -0.188 48712.1 47604.0 49365.0     26   154   154     1
 1616+063 $        16 19  3.687675  06 13  2.24362 0.000017 0.00046   0.145 48813.5 48193.0 49183.0      4    70    70     1
 1622-253 $        16 25 46.891617 -25 27 38.32613 0.000003 0.00005   0.000 48541.4 46839.0 49398.0    501  5896  5896     5
 1624+416 $        16 25 57.669718  41 34 40.62908 0.000011 0.00013  -0.193 48369.0 46975.0 49267.0     24   130   130     1
 1622-297 $        16 26  6.020874 -29 51 26.97081 0.000017 0.00018  -0.801 48344.4 46839.0 49030.0     16    91    91     2
 1633+382 1633+38  16 35 15.492981  38 08  4.50054 0.000003 0.00005   0.053 47961.2 44446.0 49287.0    367 10706 10706     1
 1637+574 $        16 38 13.456330  57 20 23.97898 0.000005 0.00005   0.117 47705.2 44898.0 49365.0    166  2622  2622     1
 1638+398 NRAO512  16 40 29.632786  39 46 46.02855 0.000003 0.00005   0.077 48842.3 45321.0 49366.0     82  3447  3447     1
 1642+690 $        16 42  7.848530  68 56 39.75623 0.000010 0.00006   0.099 47504.1 44088.0 49365.0    115  1540  1540     1
 1641+399 3C345    16 42 58.809972  39 48 36.99390 0.000003 0.00005   0.065 46767.2 44088.0 49147.0    673 25127 25127     1
 1647-296 $        16 50 39.544195 -29 43 46.95495 0.000043 0.00047  -0.958 48709.8 48345.0 49030.0     10    11    11     2
 1652+398 DA426    16 53 52.216709  39 45 36.60940 0.000009 0.00017   0.083 47980.4 46975.0 49062.0     13    98    98     1
 1656+348 $        16 58  1.419214  34 43 28.40246 0.000046 0.00051  -0.170 49096.0 48852.0 49253.0      3    32    32     2
 1656+477 $        16 58  2.779603  47 37 49.23105 0.000031 0.00032   0.000 49183.0 49183.0 49183.0      1    24    24     3
 1655+077 $        16 58  9.011471  07 41 27.54069 0.000009 0.00017  -0.571 48150.5 47406.0 49252.0     11    81    81     1
 1656+053 $        16 58 33.447335  05 15 16.44460 0.000005 0.00014  -0.132 48081.2 44772.0 49098.0     27   248   248     1
 1657-261 $        17 00 53.154042 -26 10 51.72459 0.000008 0.00011  -0.699 48348.9 46874.0 49030.0     29   109   109     1
 1705+456 $        17 07 17.753314  45 36 10.55183 0.000094 0.00099   0.451 48729.8 48433.0 49267.0      4    26    26     2
 1705+018 $        17 07 34.415276  01 48 45.69920 0.000007 0.00019  -0.060 48819.2 48193.0 49365.0     13   155   155     1
 1706-174 $        17 09 34.345438 -17 28 53.36463 0.000050 0.00097   0.000 48591.2 48091.0 49030.0     12    29    29     3
 1717+178 $        17 19 13.048480  17 45  6.43699 0.000011 0.00023   0.376 48039.5 47010.0 49063.0     11   115   115     1
 1726+455 $        17 27 27.650822  45 30 39.73137 0.000005 0.00007   0.057 49192.1 48719.0 49366.0     10   405   405     1
 1727+502 $        17 28 18.623922  50 13 10.46979 0.000114 0.00070  -0.332 48071.0 47458.0 49176.0      7    33    33     2
 1725+044 $        17 28 24.952721  04 27  4.91358 0.000013 0.00035   0.191 48485.1 47930.0 49176.0      7   140   140     1
 1730-130 NRAO530  17 33  2.705777 -13 04 49.54777 0.000001 0.00005  -0.085 48151.7 45494.0 49147.0    358  5276  5276     1
 1732+389 $        17 34 20.578540  38 57 51.44281 0.000005 0.00008  -0.211 48517.4 46976.0 49062.0     36   167   167     1
 1738+476 $        17 39 57.129077  47 37 58.36138 0.000014 0.00016   0.240 47981.7 47287.0 49267.0     11   126   126     1
 1739+522 $        17 40 36.977865  52 11 43.40733 0.000003 0.00004   0.136 48587.0 47164.0 49405.0    733 43216 43216     1
 1741-038 $        17 43 58.856135 -03 50  4.61639 0.000001 0.00005   0.000 48303.9 44772.0 49405.0   1040 25785 25785     1
 1743+173 $        17 45 35.208176  17 20  1.42325 0.000005 0.00014  -0.342 48560.0 46976.0 49032.0     23    94    94     1
 1745+624 $        17 46 14.034153  62 26 54.73810 0.000011 0.00009   0.104 49159.9 48915.0 49362.0     16   289   289     1
 1749+701 $        17 48 32.840181  70 05 50.76854 0.000052 0.00021   0.085 47660.3 44202.0 49295.0      9    95    95     2
 1749+096 $        17 51 32.818575  09 39  0.72852 0.000001 0.00005   0.082 48480.7 44446.0 49405.0    524  9458  9458     1
 1748-253 $        17 51 51.263061 -25 24  0.05901 0.000096 0.00011   0.000 48603.0 48109.0 49097.0      2    10    10     3
 1751+441 $        17 53 22.647921  44 09 45.68593 0.000019 0.00023   0.371 48434.0 47930.0 49120.0      4    63    63     1
 1751+288 $        17 53 42.473635  28 48  4.93886 0.000008 0.00014  -0.354 48297.4 47004.0 49267.0     18    83    83     2
 1803+784 $        18 00 45.683959  78 28  4.01822 0.000013 0.00004   0.147 47743.8 45137.0 49405.0   1389 57645 57645     1
 1800+440 $        18 01 32.314931  44 04 21.90086 0.000023 0.00033   0.523 48419.7 48193.0 49063.0      7    55    55     1
 1807+698 3C371    18 06 50.680654  69 49 28.10831 0.000013 0.00007   0.138 48412.5 47164.0 49252.0     35   240   240     1
 1817-254 $        18 20 57.848978 -25 28 12.58271 0.000624 0.00191   0.000 48938.7 48803.0 49055.0      3     8     8     3
 1826+796 $        18 23 14.108896  79 38 49.00211 0.000446 0.00031   0.000 48555.3 47018.0 49295.0     15    81    81     5
 1821+107 $        18 24  2.855249  10 44 23.77378 0.000009 0.00024  -0.188 47814.0 45465.0 49147.0     17   148   148     2
 1823+568 $        18 24  7.068380  56 51  1.49060 0.000010 0.00009   0.079 47945.7 45137.0 49253.0     80   399   399     1
 1830+285 $        18 32 50.185644  28 33 35.95518 0.000021 0.00042  -0.281 48560.2 48356.0 49120.0      6    45    45     2
 1845+797 3C390.3  18 42  8.989976  79 46 17.12778 0.000069 0.00017  -0.414 48218.9 44202.0 49120.0     14   143   143     1
 1842+681 $        18 42 33.641653  68 09 25.22790 0.000030 0.00017   0.020 48164.7 47164.0 49062.0      6   104   104     1
 1849+670 $        18 49 16.072306  67 05 41.67999 0.000037 0.00019   0.136 48915.5 48648.0 49183.0      2    51    51     2
 1856+736 $        18 54 57.299955  73 51 19.90724 0.000054 0.00026   0.355 48407.6 47010.0 49295.0      7    91    91     1
 1901+319 3C395    19 02 55.938918  31 59 41.70162 0.000011 0.00021  -0.226 48595.9 48102.0 49252.0      8   110   110     1
 1908-201 $        19 11  9.652869 -20 06 55.10847 0.000009 0.00012  -0.808 48500.3 46839.0 49097.0     33   100   100     1
 1920-211 $        19 23 32.189808 -21 04 33.33280 0.000008 0.00012  -0.800 48489.2 47406.0 49032.0     34    76    76     2
 1921-293 $        19 24 51.055952 -29 14 30.12050 0.000002 0.00005  -0.097 48204.5 45494.0 49366.0    495  5595  5595     2
 1923+210 $        19 25 59.605376  21 06 26.16196 0.000003 0.00007  -0.123 48455.9 45137.0 49246.0     96   591   591     1
 1928+738 $        19 27 48.495198  73 58  1.56969 0.000014 0.00006   0.150 48125.4 44771.0 49295.0    105   863   863     1
 1929+226 $        19 31 24.916779  22 43 31.25860 0.000011 0.00025  -0.385 48662.0 48612.0 48708.0      4    10    10     2
 1932+204 $        19 35 10.472889  20 31 54.15368 0.000051 0.00075   0.486 48925.8 48803.0 49027.0      4    12    12     2
 1936-155 $        19 39 26.657724 -15 25 43.05774 0.000013 0.00019  -0.861 48292.4 47175.0 49097.0     19    54    54     1
 1937-101 $        19 39 57.256537 -10 02 41.51878 0.000028 0.00101  -0.332 48603.0 48109.0 49097.0      2    31    31     2
 1943+228 $        19 46  6.251857  23 00  4.41473 0.000556 0.00350   0.000 48839.0 48796.0 48918.0      3    10    10     3
 1947+079 $        19 50  5.539919  08 07 13.98045 0.000042 0.00075   0.000 48144.0 47004.0 49364.0     29   185   185     5
 1951+355 $        19 53 30.875760  35 37 59.36024 0.000075 0.00129   0.000 49047.0 48918.0 49176.0      2    27    27     3
 1954+513 $        19 55 42.738284  51 31 48.54600 0.000007 0.00008   0.086 48332.9 45774.0 49175.0     29   333   333     1
 1955+335 $        19 57 40.549989  33 38 27.94669 0.000085 0.00131   0.000 49097.0 49097.0 49097.0      1    18    18     3
 1958-179 $        20 00 57.090440 -17 48 57.67213 0.000001 0.00005  -0.094 48746.8 46874.0 49398.0    439  4737  4737     1
 2007+777 $        20 05 30.998501  77 52 43.24736 0.000014 0.00004   0.096 49035.7 46501.0 49330.0    184  9382  9382     1
 2005+403 $        20 07 44.944880  40 29 48.60401 0.000147 0.00155   0.000 48192.4 44772.0 49183.0      7    43    43     3
 2008-068 OW-015   20 11 14.215859 -06 44  3.55543 0.000045 0.00066  -0.920 48611.5 48345.0 48976.0     11    17    17     2
 2008-159 $        20 11 15.710923 -15 46 40.25306 0.000007 0.00012  -0.686 48239.0 46839.0 48976.0     30    71    71     2
 2017+743 $        20 17 13.079288  74 40 47.99982 0.000029 0.00010   0.167 48360.1 47287.0 49295.0     18   112   112     1
 2021+614 $        20 22  6.681654  61 36 58.80468 0.000038 0.00020   0.000 48367.8 47164.0 49120.0     18   131   131     5
 2021+317 $        20 23 19.017345  31 53  2.30557 0.000007 0.00016   0.135 48311.5 45774.0 49032.0     15   115   115     1
 2023+336 $        20 25 10.842080  33 43  0.21683 0.000043 0.00087   0.000 48699.0 48222.0 49176.0      2    24    24     3
 2030+547 $        20 31 47.958547  54 55  3.14048 0.000023 0.00033   0.194 48131.8 47022.0 49267.0      6    66    66     2
 2029+121 $        20 31 54.994277  12 19 41.34046 0.000007 0.00021   0.021 47857.5 47018.0 49183.0     11   110   110     1
 2037+511 3C418    20 38 37.034751  51 19 12.66243 0.000005 0.00005   0.070 48059.4 45137.0 49252.0    157  2262  2262     1
 2037-253 $        20 40  8.772894 -25 07 46.66240 0.000067 0.00055   0.000 47684.0 47684.0 47684.0      1     9     9     3
 2048+312 CL4      20 50 51.131519  31 27 27.37496 0.000108 0.00081   0.000 48693.6 48193.0 49175.0      5    26    26     3
 2051+745 $        20 51 33.734534  74 41 40.49801 0.000061 0.00020  -0.482 48581.4 47010.0 49295.0     15    61    61     2
 2059+034 $        21 01 38.834177  03 41 31.32188 0.000015 0.00047   0.025 48644.3 48433.0 49062.0      3    69    69     2
 2113+293 $        21 15 29.413455  29 33 38.36681 0.000005 0.00011  -0.003 48047.4 46976.0 49098.0     28   288   288     1
 2121+053 $        21 23 44.517376  05 35 22.09339 0.000001 0.00002   0.000 47861.7 44772.0 49322.0    478 13522 13522     5
 2126-158 $        21 29 12.175895 -15 38 41.04033 0.000008 0.00015  -0.506 48753.5 47175.0 49365.0     28    91    91     2
 2128+048 $        21 30 32.877524  05 02 17.47511 0.000051 0.00058   0.000 48403.7 47287.0 49267.0     22    76    76     5
 2128-123 $        21 31 35.261729 -12 07  4.79584 0.000002 0.00006  -0.031 48677.2 45465.0 49398.0    343  3474  3474     2
 2131-021 $        21 34 10.309606 -01 53 17.23848 0.000004 0.00009  -0.549 48397.0 47175.0 49183.0     49   173   173     1
 2134+004 2134+00  21 36 38.586301  00 41 54.21395 0.000002 0.00007   0.000 46755.7 44088.0 49322.0    484  8466  8466     5
 2136+141 $        21 39  1.309274  14 23 35.99225 0.000005 0.00011  -0.183 48292.9 45465.0 49063.0     19   185   185     1
 2143-156 $        21 46 22.979341 -15 25 43.88492 0.000011 0.00020  -0.730 48705.0 48196.0 48983.0     11    19    19     2
 2144+092 $        21 47 10.162973  09 29 46.67250 0.000006 0.00012  -0.211 48173.9 46975.0 49252.0     17   217   217     1
 2145+067 $        21 48  5.458671  06 57 38.60437 0.000001 0.00004   0.028 48452.3 44772.0 49405.0    769 17692 17692     1
 2149+056 $        21 51 37.875492  05 52 12.95483 0.000007 0.00014  -0.658 48316.1 45465.0 49253.0     20   114   114     1
 2150+173 $        21 52 24.819392  17 34 37.79495 0.000007 0.00017  -0.041 48419.1 47004.0 49175.0     17   133   133     2
 2155-152 $        21 58  6.281901 -15 01  9.32738 0.000006 0.00010  -0.549 48340.0 46834.0 49327.0     32   120   120     2
 2200+420 VR422201 22 02 43.291374  42 16 39.97990 0.000003 0.00004  -0.051 46929.0 44088.0 49267.0    699 20192 20192     1
 2201+315 $        22 03 14.975779  31 45 38.26985 0.000002 0.00004   0.000 48721.0 45491.0 49405.0    110  4007  4007     1
 2209+236 $        22 12  5.966302  23 55 40.54368 0.000009 0.00019   0.184 48479.9 48193.0 49183.0      8   127   127     1
 2210-257 $        22 13  2.497053 -25 29 30.08259 0.002548 0.00763   0.000 47022.0 46874.0 47170.0      2     5     5     3
 2216-038 $        22 18 52.037721 -03 35 36.87903 0.000001 0.00005   0.128 47857.2 44772.0 49253.0    364  8011  8011     1
 2223-052 3C446    22 25 47.259294 -04 57  1.39016 0.000006 0.00012  -0.708 48352.5 44772.0 49267.0     26    91    91     2
 2227-088 $        22 29 40.084326 -08 32 54.43477 0.000007 0.00013  -0.776 48280.4 45465.0 49030.0     28    67    67     1
 2229+695 $        22 30 36.469726  69 46 28.07688 0.000046 0.00018   0.157 47999.8 47458.0 49252.0     12    81    81     1
 2230+114 CTA102   22 32 36.408901  11 43 50.90439 0.000003 0.00006  -0.115 48181.0 46975.0 49175.0    127   964   964     1
 2234+282 $        22 36 22.470863  28 28 57.41338 0.000002 0.00004  -0.051 48406.6 45724.0 49366.0    815 23194 23194     1
 2233-148 $        22 36 34.087124 -14 33 22.18865 0.000013 0.00023  -0.629 48427.0 47175.0 48976.0     10    20    20     2
 2243-123 $        22 46 18.231973 -12 06 51.27739 0.000003 0.00008  -0.438 48476.8 44772.0 49152.0     81   345   345     2
 2251+158 3C454.3  22 53 57.747931  16 08 53.56097 0.000001 0.00002   0.000 46736.8 44088.0 49322.0    647 17789 17789     5
 2252-089 $        22 55  4.239808 -08 44  4.02134 0.000017 0.00033  -0.778 48567.8 47393.0 49032.0     13    21    21     2
 2253+417 $        22 55 36.707826  42 02 52.53265 0.000011 0.00012  -0.149 48122.5 47004.0 49062.0     40   227   227     2
 2254+074 $        22 57 17.303110  07 43 12.30314 0.000009 0.00018  -0.457 48170.1 47010.0 49120.0     24   133   133     2
 2254+024 $        22 57 17.563082  02 43 17.51221 0.000009 0.00016  -0.676 48473.5 47393.0 49183.0     20   115   115     2
 2255-282 $        22 58  5.962889 -27 58 21.25588 0.000002 0.00005   0.033 48420.9 46874.0 49366.0    481  4229  4229     2
 2318+049 $        23 20 44.856606  05 13 49.95293 0.000006 0.00012  -0.648 48201.2 47018.0 49253.0     29   146   146     2
 2319+272 $        23 21 59.862234  27 32 46.44380 0.000009 0.00021   0.141 48254.2 47022.0 49175.0     18   112   112     1
 2320+506 $        23 22 25.982139  50 57 51.96427 0.000042 0.00034   0.000 48719.0 48719.0 48719.0      1    27    27     3
 2320-035 $        23 23 31.953750 -03 17  5.02312 0.000005 0.00011  -0.602 48569.6 47393.0 49183.0     44   170   170     1
 2325-150 $        23 27 47.964136 -14 47 55.74986 0.000058 0.00072   0.000 47175.0 47175.0 47175.0      1     7     7     3
 2328+107 $        23 30 40.852238  11 00 18.71006 0.000006 0.00012  -0.491 48222.5 46976.0 49120.0     23   134   134     1
 2329-162 $        23 31 38.652421 -15 56 57.00838 0.000042 0.00044   0.000 47175.0 47175.0 47175.0      1     8     8     3
 2331-240 $        23 33 55.237843 -23 43 40.65760 0.000016 0.00021  -0.899 48518.4 46874.0 49176.0     19    52    52     2
 2335-027 $        23 37 57.339066 -02 30 57.63129 0.000088 0.00281   0.000 48491.4 47940.0 49030.0     18    29    29     3
 2337+264 $        23 40 29.029375  26 41 56.80369 0.000028 0.00019   0.000 48620.8 48356.0 49176.0      8    77    77     5
 2344+092 2344+09A 23 46 36.838553  09 30 45.51541 0.000007 0.00013  -0.454 48225.7 47287.0 49267.0     20    97    97     2
 2345-167 $        23 48  2.608526 -16 31 12.02146 0.000004 0.00007  -0.355 48095.9 46439.0 49032.0    138   788   788     1
 2351+456 $        23 54 21.680272  45 53  4.23665 0.000009 0.00011  -0.066 48371.4 47010.0 49063.0     26   139   139     1
 2351-154 $        23 54 30.195183 -15 13 11.21220 0.000007 0.00013  -0.730 48543.2 47393.0 49032.0     26    51    51     2
 2352+495 $        23 55  9.458194  49 50  8.34026 0.000046 0.00052   0.000 47881.2 47018.0 49147.0     13   122   122     5
 2355-106 $        23 58 10.882409 -10 20  8.61074 0.000003 0.00008  -0.417 48465.8 47393.0 49365.0    114   456   456     1

Found          426 sources.
