B0521-365 16.3 12.5 9.23 [ 0.85569133  0.59207589 -0.15206132]
B0539-019 50.0 56.5 43.6 [-10.85930711   7.47493702  -1.10732016]
B0539-691 34.0 29.8 25.1 [ 0.68464235  0.7019636  -0.13751343]
B0624-058 18.5 11.3 6.6 [ 1.41849306  0.60426386 -0.20713525]
B0915-118 43.5 23.5 13.1 [  4.61199224e+00  -9.40887010e-01  -1.05304149e-03]
B1226+023 42.0 40.9 36.7 [-0.9015907   1.57503997 -0.24555443]
B1228+126 220.0 120.0 67.6 [  5.31315386e+00  -9.52795861e-01   3.00796729e-03]
B1253-055 11.6 12.0 13.0 [ 2.42775353 -0.87809642  0.14136738]
B1343-601 79.0 29.0 27.1 [ 34.9153531  -18.69101443   2.60591507]
B1610-607 43.0 16.8 7.25 [ 7.81665653 -2.4376845   0.15060271]
B1630-474 87.0 32.0 9.28 [-2.43892794  4.07927471 -0.85384558]
B1648+050 47.0 23.0 12.4 [ 7.05134877 -2.26620584  0.17721336]
B1717-009 54.0 36.3 22.9 [ 0.9786843   1.02006032 -0.24791166]
B1727-214 14.0 10.1 8.5 [ 7.10650397 -3.16840424  0.40510113]
B1737-309 35.0 18.5 8.63 [-0.39919359  2.08408755 -0.46583806]
B1846-009 17.8 11.9 9.75 [ 9.02855294 -4.16780069  0.53916219]
B1934-638 16.4 11.5 6.13 [-6.3956223   5.13594718 -0.8634925 ]
B2152-699 30.0 17.9 13.4 [ 10.36806503  -4.68479206   0.59112125]
B2251+158 12.2 10.2 23.3 [ 33.72319282 -19.62185778   2.93990001]
