#  CALIBS file made by Tony Foley 18 Dec 2007
#
#  History:
#   29-04-2009 greve Change Polarization in 3C454.3 from
#                              LOW  HIGH    I(JY)  FRAC  ANG(D)  V(JY)
#               3C454.3        800   900    12.0  0.030   22.0   0.00
#                             1400  1500    10.2  0.066   58.0   0.00
#                             1600  1800    14.0  0.070   60.0   0.00
#                             2650  2750     9.5  0.083  164.0   0.00
#                             4800  5100    10.2  0.039    6.0   0.00
#              to unpolarized.
#
#  Lines with information are read with format :
#  (1X,A12,1X,I5,1X,I5,1X,F8.2,1X,F5.3,1X,F6.1,1X,F6.2)
#CALIBRATOR     FREQ.(MHZ)    POLARIZATION PARAMETERS
#               LOW  HIGH    I(JY)  FRAC  ANG(D)  V(JY)
 J0025-260     1200  1300     8.16 0.000    0.0   0.00
               1300  1320     8.13 0.000    0.0   0.00
               1320  1340     8.10 0.000    0.0   0.00
               1340  1360     8.10 0.000    0.0   0.00
               1360  1385     8.07 0.000    0.0   0.00
               1385  1400     8.00 0.000    0.0   0.00
               1400  1420     7.72 0.000    0.0   0.00
               1420  1440     7.76 0.000    0.0   0.00
               1440  1460     7.76 0.000    0.0   0.00
               1460  1800     7.00 0.000    0.0   0.00
               2000  2200     1.78 0.000    0.0   0.00
               2200  2220     1.80 0.000    0.0   0.00
               2220  2237     1.75 0.000    0.0   0.00
               2237  2255     1.76 0.000    0.0   0.00
               2255  2273     1.71 0.000    0.0   0.00
               2271  2291     1.76 0.000    0.0   0.00
               2291  2309     1.79 0.000    0.0   0.00
               2309  2400     1.73 0.000    0.0   0.00
               4000  6000     2.72 0.000    0.0   0.00
               8000  8700     5.20 0.000    0.0   0.00
#
 3C48           100   180    60.00 0.000    0.0   0.00
                250   275    50.90 0.000    0.0   0.00
                275   300    48.20 0.000    0.0   0.00
                300   390    45.93 0.000    0.0   0.00
                390   430    38.80 0.000    0.0   0.00
                430   460    36.70 0.000    0.0   0.00
                605   610    29.63 0.000    0.0   0.00
                700   740    26.37 0.000    0.0   0.00
                740   780    25.37 0.000    0.0   0.00
                780   820    24.44 0.000    0.0   0.00
                820   860    23.58 0.000    0.0   0.00
                860   900    22.78 0.000    0.0   0.00
                900   940    22.04 0.000    0.0   0.00
                940   980    21.35 0.000    0.0   0.00
                980  1020    20.70 0.000    0.0   0.00
               1020  1060    20.09 0.000    0.0   0.00
               1060  1100    19.52 0.000    0.0   0.00
               1100  1150    18.92 0.000    0.0   0.00
               1150  1200    18.29 0.000    0.0   0.00
               1200  1250    18.18 0.000    0.0   0.00
               1250  1302    17.62 0.000    0.0   0.00
               1302  1322    16.96 0.000    0.0   0.00
               1322  1342    16.74 0.000    0.0   0.00
               1342  1362    16.53 0.000    0.0   0.00
               1362  1382    16.33 0.000    0.0   0.00
               1382  1402    16.14 0.000    0.0   0.00
               1402  1425    15.96 0.000    0.0   0.00
               1425  1500    15.66 0.000    0.0   0.00
               1500  1550    15.13 0.000    0.0   0.00
               1550  1600    14.74 0.000    0.0   0.00
               1600  1700    13.86 0.000    0.0   0.00
               2200  2400    11.11 0.000    0.0   0.00
               4600  4750     5.83 0.048  -73.0   0.00
               4750  4800     5.73 0.048  -73.0   0.00
               4800  4850     5.52 0.048  -73.0   0.00
               4850  4930     5.45 0.048  -73.0   0.00
               4930  5200     5.32 0.048  -73.2   0.00
               8200  8700     3.30 0.050  -73.2   0.00
#
 0153+744      1200  1800     1.97 0.000    0.0   0.00
               2000  3000     1.90 0.000    0.0   0.00
               4000  6000     1.08 0.000    0.0   0.00
               8000  8700     0.72 0.000    0.0   0.00
#
 0212+735      1200  1700     2.30 0.000    0.0   0.00
               2000  3000     2.90 0.000    0.0   0.00
               4000  6000     3.70 0.000    0.0   0.00
#
 PKS0237-23     800  1200     7.02 0.000    0.0   0.00
               1200  1300     6.11 0.000    0.0   0.00
               1300  1320     5.02 0.000    0.0   0.00
               1320  1340     5.03 0.000    0.0   0.00
               1340  1360     5.05 0.000    0.0   0.00
               1360  1380     5.00 0.000    0.0   0.00
               1380  1400     4.97 0.000    0.0   0.00
               1400  1420     4.96 0.000    0.0   0.00
               1420  1440     4.93 0.000    0.0   0.00
               1440  1460     4.90 0.000    0.0   0.00
               1460  1700     4.91 0.000    0.0   0.00
               2000  2400     4.62 0.000    0.0   0.00
               4000  6000     2.44 0.000    0.0   0.00
               8000  8700     1.45 0.000    0.0   0.00
#
 0300+470      1200  1700     1.35 0.000    0.0   0.00
               2000  2400     1.30 0.000    0.0   0.00
               4000  6000     1.23 0.000    0.0   0.00
               8000  8700     1.28 0.000    0.0   0.00
#
 J0410+769     1200  1300     5.65 0.000    0.0   0.00
               1300  1320     5.67 0.000    0.0   0.00
               1320  1340     5.66 0.000    0.0   0.00
               1340  1360     5.63 0.000    0.0   0.00
               1360  1380     5.55 0.000    0.0   0.00
               1380  1400     5.53 0.000    0.0   0.00
               1400  1420     5.50 0.000    0.0   0.00
               1420  1440     5.46 0.000    0.0   0.00
               1440  1460     5.42 0.000    0.0   0.00
               1460  1800     5.00 0.000    0.0   0.00
               2000  3000     4.49 0.000    0.0   0.00
               4000  6000     2.93 0.000    0.0   0.00
               8000  8700     2.33 0.000    0.0   0.00
#
 3C138          800   900    11.00 0.060  -40.0   0.00 
               1150  1300     8.43 0.080  -14.0   0.00
               1300  1320     8.46 0.080  -14.0   0.00
               1320  1340     8.44 0.080  -14.0   0.00
               1340  1360     8.40 0.080  -14.0   0.00
               1360  1380     8.34 0.080  -14.0   0.00
               1380  1400     8.29 0.080  -14.0   0.00
               1400  1420     8.21 0.080  -14.0   0.00
               1420  1440     8.12 0.080  -14.0   0.00
               1440  1460     8.03 0.080  -14.0   0.00
               1460  1500     7.76 0.080  -14.0   0.00
               1500  1800     7.00 0.088  -12.0   0.00
               2000  2500     6.50 0.100  -14.0   0.00
               4000  6000     3.80 0.114  -10.0   0.00
               8200  8700     2.40 0.117  -11.0   0.00
#
 3C147          100   180    60.00 0.000    0.0   0.00
                250   275    58.70 0.000    0.0   0.00
                275   300    56.40 0.000    0.0   0.00
                300   390    56.56 0.000    0.0   0.00
                390   430    47.60 0.000    0.0   0.00
                430   460    45.60 0.000    0.0   0.00
                605   610    38.65 0.000    0.0   0.00
                700   740    34.75 0.000    0.0   0.00
                740   780    33.63 0.000    0.0   0.00
                780   820    32.58 0.000    0.0   0.00
                820   860    31.60 0.000    0.0   0.00
                860   900    30.68 0.000    0.0   0.00
                900   940    29.82 0.000    0.0   0.00
                940   980    29.01 0.000    0.0   0.00
                980  1020    28.25 0.000    0.0   0.00
               1020  1060    27.53 0.000    0.0   0.00
               1060  1100    26.84 0.000    0.0   0.00
               1100  1150    26.12 0.000    0.0   0.00
               1150  1200    25.36 0.000    0.0   0.00
               1200  1250    24.64 0.000    0.0   0.00
               1250  1302    23.57 0.000    0.0   0.00
               1302  1322    23.14 0.000    0.0   0.00
               1322  1342    22.88 0.000    0.0   0.00
               1342  1362    22.63 0.000    0.0   0.00
               1362  1382    22.39 0.000    0.0   0.00
               1382  1402    22.16 0.000    0.0   0.00
               1402  1425    21.94 0.000    0.0   0.00
               1425  1500    21.45 0.000    0.0   0.00
               1500  1550    20.76 0.000    0.0   0.00
               1550  1600    20.27 0.000    0.0   0.00
               1600  1700    19.80 0.000    0.0   0.00
               2200  2400    15.07 0.000    0.0   0.00
               4600  4750     8.15 0.000    0.0   0.00
               4750  4800     8.10 0.000    0.0   0.00
               4800  4850     8.10 0.000    0.0   0.00
               4850  4930     8.01 0.000    0.0   0.00
               4930  5100     7.82 0.000    0.0   0.00
               8300  8700     4.62 0.000    0.0   0.00
#
 DA251         1200  1700     8.80 0.000    0.0   0.00
               4000  6000     5.43 0.000    0.0   0.00
               8000  8700     3.30 0.000    0.0   0.00
#

 1127-145       800   900     5.70 0.000    0.0   0.00
               1200  1700     5.40 0.000    0.0   0.00
               4000  6000     3.90 0.000    0.0   0.00
               8000  8700     3.10 0.000    0.0   0.00
#
 J1130-148      800   900     5.70 0.000    0.0   0.00
               1200  1700     5.40 0.000    0.0   0.00
               4000  6000     3.90 0.000    0.0   0.00
               8000  8700     3.10 0.000    0.0   0.00


#
 3C286          250   275    28.80 0.000    0.0   0.00
                275   300    28.00 0.000    0.0   0.00
                300   390    26.93 0.000    0.0   0.00
                390   430    24.90 0.000    0.0   0.00
                430   460    24.20 0.000    0.0   0.00
                605   610    21.47 0.026    7.0   0.00
                700   740    20.04 0.050   14.0   0.00
                740   780    19.59 0.060   19.0   0.00
                780   820    19.17 0.062   20.0   0.00
                820   860    18.77 0.065   21.0   0.00
                860   900    18.40 0.067   22.0   0.00
                900   940    18.04 0.070   23.0   0.00
                940   980    17.70 0.075   25.0   0.00
                980  1020    17.38 0.080   27.0   0.00
               1020  1060    17.07 0.082   28.0   0.00
               1060  1100    16.78 0.084   28.0   0.00
               1100  1150    16.46 0.086   29.0   0.00
               1150  1200    16.13 0.088   29.0   0.00
               1200  1250    15.82 0.090   30.0   0.00
               1250  1302    15.52 0.092   30.5   0.00
               1302  1322    15.30 0.095   31.1   0.00
               1322  1342    15.19 0.095   31.1   0.00
               1342  1362    15.08 0.095   31.1   0.00
               1362  1382    14.98 0.095   31.1   0.00
               1382  1402    14.88 0.095   31.1   0.00
               1402  1425    14.77 0.095   31.0   0.00
               1425  1500    14.58 0.099   32.0   0.00
               1500  1550    14.28 0.100   32.0   0.00
               1550  1600    14.06 0.100   32.0   0.00
               1600  1700    13.70 0.100   31.1   0.00
               1700  1800    13.30 0.100   31.1   0.00
               2200  2400    11.65 0.100   33.0   0.00
               4600  4750     7.68 0.105   33.1   0.00
               4750  4800     7.59 0.105   33.1   0.00
               4800  4850     7.46 0.105   33.1   0.00
               4850  4930     7.42 0.105   33.0   0.00
               4930  5100     7.31 0.105   33.1   0.00
               8200  8700     5.16 0.110   33.1   0.00
#
 1358+624      1200  1300     4.40 0.000    0.0   0.00
               1300  1320     4.57 0.000    0.0   0.00
               1320  1340     4.53 0.000    0.0   0.00
               1340  1360     4.48 0.000    0.0   0.00
               1360  1380     4.40 0.000    0.0   0.00
               1380  1400     4.39 0.000    0.0   0.00
               1400  1420     4.35 0.000    0.0   0.00
               1420  1440     4.28 0.000    0.0   0.00
               1440  1460     4.25 0.000    0.0   0.00
               1460  1800     4.00 0.000    0.0   0.00
               2000  3000     3.14 0.000    0.0   0.00
               4000  6000     1.72 0.000    0.0   0.00
               8000  8700     1.19 0.000    0.0   0.00
#
 J1400+621     1200  1300     4.40 0.000    0.0   0.00
               1300  1320     4.57 0.000    0.0   0.00
               1320  1340     4.53 0.000    0.0   0.00
               1340  1360     4.48 0.000    0.0   0.00
               1360  1380     4.40 0.000    0.0   0.00
               1380  1400     4.39 0.000    0.0   0.00
               1400  1420     4.35 0.000    0.0   0.00
               1420  1440     4.28 0.000    0.0   0.00
               1440  1460     4.25 0.000    0.0   0.00
               1460  1800     4.00 0.000    0.0   0.00
               2000  3000     3.14 0.000    0.0   0.00
               4000  6000     1.72 0.000    0.0   0.00
               8000  8700     1.19 0.000    0.0   0.00
#
 OQ208         1200  1500     0.81 0.000    0.0   0.00
               1500  1800     1.10 0.000    0.0   0.00
               2000  3000     1.59 0.000    0.0   0.00
               4000  6000     2.80 0.000    0.0   0.00
               8000  8700     2.02 0.000    0.0   0.00
#
 3C295          100   180    83.00 0.000    0.0   0.00
                250   275    67.10 0.000    0.0   0.00
                275   300    64.20 0.000    0.0   0.00
                300   390    64.48 0.000    0.0   0.00
                390   430    53.40 0.000    0.0   0.00
                430   460    50.90 0.000    0.0   0.00
                605   610    41.95 0.000    0.0   0.00
                700   740    37.31 0.000    0.0   0.00
                740   780    35.91 0.000    0.0   0.00
                780   820    34.62 0.000    0.0   0.00
                820   860    33.41 0.000    0.0   0.00
                860   900    32.29 0.000    0.0   0.00
                900   940    31.23 0.000    0.0   0.00
                940   980    30.24 0.000    0.0   0.00
                980  1020    29.31 0.000    0.0   0.00
               1020  1060    28.43 0.000    0.0   0.00
               1060  1100    27.60 0.000    0.0   0.00
               1100  1150    26.72 0.000    0.0   0.00
               1150  1200    25.81 0.000    0.0   0.00
               1200  1250    24.95 0.000    0.0   0.00
               1250  1302    24.14 0.000    0.0   0.00
               1302  1322    23.60 0.000    0.0   0.00
               1322  1342    23.30 0.000    0.0   0.00
               1342  1362    23.00 0.000    0.0   0.00
               1362  1382    22.73 0.000    0.0   0.00
               1382  1402    22.45 0.000    0.0   0.00
               1402  1425    22.18 0.000    0.0   0.00
               1600  1700    19.39 0.000    0.0   0.00
               4750  4800     6.73 0.000    0.0   0.00
               4800  4850     6.63 0.000    0.0   0.00
               4850  4930     6.53 0.000    0.0   0.00
               4930  5100     6.42 0.000    0.0   0.00
#
 CTD93          800   900     5.10 0.000    0.0   0.00
               1200  1300     4.86 0.000    0.0   0.00
               1300  1320     4.86 0.000    0.0   0.00
               1320  1340     4.86 0.000    0.0   0.00
               1340  1360     4.86 0.000    0.0   0.00
               1360  1380     4.80 0.000    0.0   0.00
               1380  1400     4.79 0.000    0.0   0.00
               1400  1420     4.76 0.000    0.0   0.00
               1420  1440     4.70 0.000    0.0   0.00
               1440  1460     4.67 0.000    0.0   0.00
               1460  1800     4.50 0.000    0.0   0.00
               2000  2200     3.70 0.000    0.0   0.00
               2200  2220     3.67 0.000    0.0   0.00
               2220  2237     3.62 0.000    0.0   0.00
               2237  2255     3.60 0.000    0.0   0.00
               2255  2273     3.59 0.000    0.0   0.00
               2271  2291     3.56 0.000    0.0   0.00
               2291  2309     3.54 0.000    0.0   0.00
               2309  2327     3.52 0.000    0.0   0.00
               2327  2400     3.50 0.000    0.0   0.00
               4000  6000     1.20 0.000    0.0   0.00
               8000  8700     0.98 0.000    0.0   0.00
#
 3C343          800   900     7.50 0.000    0.0   0.00
               1200  1300     5.29 0.000    0.0   0.00
               1300  1320     5.24 0.000    0.0   0.00
               1320  1340     5.17 0.000    0.0   0.00
               1340  1360     5.10 0.000    0.0   0.00
               1360  1380     5.03 0.000    0.0   0.00
               1380  1400     4.97 0.000    0.0   0.00
               1400  1420     4.92 0.000    0.0   0.00
               1420  1440     4.85 0.000    0.0   0.00
               1440  1460     4.80 0.000    0.0   0.00
               1460  1800     4.70 0.000    0.0   0.00
               2000  2200     3.32 0.000    0.0   0.00
               2200  2220     3.37 0.000    0.0   0.00
               2220  2237     3.31 0.000    0.0   0.00
               2237  2255     3.30 0.000    0.0   0.00
               2255  2273     3.28 0.000    0.0   0.00
               2271  2291     3.25 0.000    0.0   0.00
               2291  2309     3.23 0.000    0.0   0.00
               2309  2327     3.20 0.000    0.0   0.00
               2327  2400     3.19 0.000    0.0   0.00
               4000  6000     1.11 0.000    0.0   0.00
               8000  8700     0.92 0.000    0.0   0.00
#
 1938-155       800   900     8.90 0.000    0.0   0.00
               1200  1300     7.14 0.000    0.0   0.00
               1300  1320     6.93 0.000    0.0   0.00
               1320  1340     6.86 0.000    0.0   0.00
               1340  1360     6.78 0.000    0.0   0.00
               1360  1380     6.73 0.000    0.0   0.00
               1380  1400     6.61 0.000    0.0   0.00
               1400  1420     6.52 0.000    0.0   0.00
               1420  1440     6.44 0.000    0.0   0.00
               1440  1460     6.35 0.000    0.0   0.00
               1460  1800     6.20 0.000    0.0   0.00
               2000  2400     4.40 0.000    0.0   0.00
               2200  2220     4.32 0.000    0.0   0.00
               2220  2237     4.31 0.000    0.0   0.00
               2237  2255     4.26 0.000    0.0   0.00
               2255  2273     4.22 0.000    0.0   0.00
               2271  2291     4.18 0.000    0.0   0.00
               2291  2309     4.16 0.000    0.0   0.00
               2309  2327     4.13 0.000    0.0   0.00
               2327  2400     4.10 0.000    0.0   0.00
               4000  6000     1.60 0.000    0.0   0.00
               8000  8700     0.87 0.000    0.0   0.00
#
 1943+546       800   900     1.80 0.000    0.0   0.00
               1200  1700     1.75 0.000    0.0   0.00
               2000  2400     1.46 0.000    0.0   0.00
               8000  8700     0.75 0.000    0.0   0.00
#
 J2007+404      800   900     2.50 0.000    0.0   0.00
               1200  1700     2.45 0.000    0.0   0.00
               2000  2400     2.63 0.000    0.0   0.00
               4000  6000     4.50 0.000    0.0   0.00
               8000  8700     2.47 0.000    0.0   0.00
#
 OW637          800   900     1.80 0.000    0.0   0.00
               1200  1700     2.13 0.000    0.0   0.00
               2000  2400     2.29 0.000    0.0   0.00
               4000  6000     3.08 0.000    0.0   0.00
               8000  8700     3.36 0.000    0.0   0.00
#
 J2052+365      800   900     4.80 0.000    0.0   0.00
               1200  1700     5.25 0.000    0.0   0.00
               2000  2400     4.80 0.000    0.0   0.00
               4000  6000     3.24 0.000    0.0   0.00
               8000  8700     2.09 0.000    0.0   0.00
#
 2128+048       800   900     2.10 0.000    0.0   0.00
               1200  1700     3.98 0.000    0.0   0.00
               2000  2400     3.17 0.000    0.0   0.00
               8000  8700     1.30 0.000    0.0   0.00
#
 PKS2134+00     800   900     2.10 0.000    0.0   0.00
               1200  1500     4.02 0.000    0.0   0.00
               1500  1700     4.50 0.000    0.0   0.00
               2000  2400     7.70 0.000    0.0   0.00
               4000  6000    10.15 0.000    0.0   0.00
               8000  8700     8.97 0.000    0.0   0.00
#
 CTA21         1200  1300     8.10 0.000    0.0   0.00
               1300  1320     7.77 0.000    0.0   0.00
               1320  1340     7.70 0.000    0.0   0.00
               1340  1360     7.67 0.000    0.0   0.00
               1360  1380     7.54 0.000    0.0   0.00
               1380  1400     7.43 0.000    0.0   0.00
               1400  1420     7.39 0.000    0.0   0.00
               1420  1440     7.33 0.000    0.0   0.00
               1440  1460     7.26 0.000    0.0   0.00
               1460  1800     7.70 0.000    0.0   0.00
               2000  2200     5.62 0.000    0.0   0.00
               2200  2220     5.58 0.000    0.0   0.00
               2220  2237     5.55 0.000    0.0   0.00
               2237  2255     5.53 0.000    0.0   0.00
               2255  2273     5.50 0.000    0.0   0.00
               2271  2291     5.47 0.000    0.0   0.00
               2291  2309     5.44 0.000    0.0   0.00
               2309  2327     5.39 0.000    0.0   0.00
               2327  2400     5.34 0.000    0.0   0.00
               4000  6000     2.82 0.000    0.0   0.00
               6000  8000     2.75 0.000    0.0   0.00
#
 3C196          100   180    80.00 0.000    0.0   0.00
                300   390    47.36 0.000    0.0   0.00
#
 3C380          100   180    65.00 0.000    0.0   0.00
                180   300    53.00 0.000    0.0   0.00
                300   390    44.09 0.000    0.0   0.00
#
 3C409          100   180   100.00 0.000    0.0   0.00
                180   300    68.50 0.000    0.0   0.00
                300   390    58.33 0.000    0.0   0.00
                800   900     2.40 0.000    0.0   0.00
               1200  1800     1.81 0.000    0.0   0.00
               2000  2400     1.30 0.000    0.0   0.00
               4000  6000     0.80 0.000    0.0   0.00
#
 3C418          800   900     6.60 0.000    0.0   0.00
               1300  1320     5.32 0.000    0.0   0.00
               1320  1340     5.30 0.000    0.0   0.00
               1340  1360     5.22 0.000    0.0   0.00
               1360  1380     5.17 0.000    0.0   0.00
               1380  1400     5.10 0.000    0.0   0.00
               1400  1420     5.06 0.000    0.0   0.00
               1420  1440     5.03 0.000    0.0   0.00
               1440  1460     5.00 0.000    0.0   0.00
               1460  1800     4.70 0.000    0.0   0.00
               2000  2200     3.99 0.000    0.0   0.00
               2200  2220     3.94 0.000    0.0   0.00
               2220  2237     3.94 0.000    0.0   0.00
               2237  2255     3.90 0.000    0.0   0.00
               2255  2273     3.88 0.000    0.0   0.00
               2271  2291     3.86 0.000    0.0   0.00
               2291  2309     3.86 0.000    0.0   0.00
               2309  2327     3.84 0.000    0.0   0.00
               2327  2400     3.82 0.000    0.0   0.00
               4000  6000     2.91 0.000    0.0   0.00
#
 J2129-156     1000  2000     0.57 0.000    0.0   0.00
               2000  3000     0.90 0.000    0.0   0.00
               4000  6000     1.25 0.000    0.0   0.00
#
 3C345          800  1000     8.5  0.038    4.0   0.00
               1000  1500     8.2  0.038   77.0   0.00
               1500  1800     8.3  0.039   48.0   0.00

#
 3C454.3        800   900    12.0  0.000    0.0   0.00
               1400  1500    10.2  0.000    0.0   0.00
               1600  1800    14.0  0.000    0.0   0.00
               2650  2750     9.5  0.000    0.0   0.00
               4800  5100    10.2  0.000    0.0   0.00
#
 3C123          100   180   189.00 0.000    0.0   0.00
#
 3C348          100   180   350.00 0.000    0.0   0.00
#
 3C353          100   180   240.00 0.000    0.0   0.00
#
 TAU.A          100   180  1530.00 0.000    0.0   0.00
#
 VIR.A          100   180  1100.00 0.000    0.0   0.00
#
 CYG.A          100   180  8600.00 0.000    0.0   0.00
#
 CAS.A          100   180 12000.00 0.000    0.0   0.00
