Quasars at z >~ 4, known to SGD, as of March 2003
(I try to keep the list up to date, but unintentional omissions are possible)

QSO               z     R/r      RA(2000)    DEC(2000)

PSS0000+2357    4.03   18.93   00 00 09.4   +23 57 16.  
PSS0002+3732    4.21   18.98   00 02 46.1   +37 32 36   
Q0000-26        4.098  17.53   00 03 22.92  -26 03 18.79
PSS0003+2730    4.240  19.03   00 03 23.1   +27 30 23.  
PSS0006+2714    4.48   19.34   00 06 33.5   +27 14 48.  
BR0004-6224     4.51   18.29   00 06 51.61  -62 08 03.7 
PSS0007+2417    4.05   18.69   00 07 38.7   +24 17 25.  
PSS0014+3032    4.47   18.81   00 14 42.8   +30 32 03.  
BR0016-3544     4.15   18.43   00 18 37.87  -35 27 40.3 
SDSS0019-0040   4.31   19.82   00 19 50.05  -00 40 40.8  i19.50
BRI0019-1522    4.52   19.0    00 22 07.97  -15 05 39.39
PMN0022-0759    3.896  19.47   00 22 00.25  -07 59 16.03
PC0027+0525     4.099  21.49   00 29 49.98  +05 42 04.3 
PC0027+0521     4.21   21.93   00 30 04.68  +05 38 13.1 
PSS0030+1702    4.305  19.3    00 30 16.39  +17 02 40.26
BR0028-5146     4.17   18.57   00 30 34.37  -51 29 46.3 
SDSS0031+1507   4.20   20.36   00 31 26.80  +15 07 39.6  i19.97
PSS0034+1639    4.293  19.5    00 34 54.82  +16 39 19.50
SDSS0035+0040   4.75   21.16   00 35 25.29  +00 40 02.8  i19.42
SDSS0037+1552   4.05   20.06   00 37 49.19  +15 52 08.4  i19.72
PC0036+0032     4.51   21.98   00 38 59.60  +00 48 58.5 
Q0046-293       4.014  19.3    00 48 29.58  -29 03 20.99
BRI0046-2458    4.15   18.94   00 48 34.48  -24 42 06.05
SDSS0050-0053   4.32   20.18   00 50 06.35  -00 53 19.3  i19.53
PSS0050+2338    4.28   19.2    00 50 23.6   +23 38 17.  
Q0051-279       4.402  20.18   00 54 15.43  -27 42 08.47
PSS0059+0003    4.16   19.25   00 59 22.80  +00 03 01.22
Q0101-304       4.072  20.01   01 03 37.33  -30 08 58.70
PSS0106+2601    4.309  19.44   01 06 00.8   +26 01 02.5 
BRI0103+0032    4.43   18.58   01 06 19.14  +00 48 23.17
PC0104+0215     4.171  19.73   01 06 49.51  +02 31 01.56
BRI0111-2819    4.30   18.67   01 13 44.37  -28 03 17.2 
PSS0117+1552    4.24   18.6    01 17 31.17  +15 52 16.39
PSS0117+2028    4....  19.28   01 17 41.76  +20 28 32.1 
PSS0118+0320    4.23   18.50   01 18 52.8   +03 20 50.  
SDSS0120+1411   4.71   21.98   01 20 04.83  +14 11 08.3  i20.22
SDSS0120+0007   4.08   20.03   01 20 19.99  +00 07 35.5  i19.84
PSS0121+3453    4.22   18.83   01 21 11.5   +34 53 00.  
PSS0121+0347    4.127  17.86   01 21 26.2   +03 47 07.  
SDSS0127-0045   4.06   18.37   01 27 00.69  -00 45 59.1  i18.10
SDSS0131+0052   4.19   20.40   01 31 08.19  +00 52 48.2  i20.05
PSS0131+0633    4.417  18.24   01 31 12.2   +06 33 40.  
PSS0132+1341    4.16   19.3    01 32 09.85  +13 41 39.57
PSS0133+0400    4.154  17.86   01 33 40.4   +04 00 59.  
PSS0134+3307    4.532  18.82   01 34 21.6   +33 07 56.5 
PSS0137+2837    4.258  19.01   01 37 12.3   +28 37 34.5 
BRI0135-4239    3.97   18.46   01 37 24.41  -42 24 16.8 
SDSS0150+1434   4.14   20.56   01 50 32.87  +14 34 25.6  i20.09
PSS0152+0735    4.067  19.6    01 52 11.10  +07 35 50.25
BRI0151-0025    4.20   18.87   01 53 39.56  -00 11 04.84
SDSS0156+1419   4.30   20.67   01 56 42.11  +14 19 44.4  i20.33
SDSS0157+1228   4.16   20.24   01 57 04.10  +12 28 58.3  i19.90
SDSS0206+1216   4.81   21.51   02 06 51.37  +12 16 24.4  i19.86
PSS0207+0940    4.136  18.63   02 07 03.5   +09 40 59.  
PSS0209+0517    4.174  17.36   02 09 44.7   +05 17 14.  
SDSS0210-0018   4.70   20.74   02 10 43.15  -00 18 18.5  i19.28
SDSS0211-0009   4.90   22.04   02 11 02.72  -00 09 10.3  i19.93
PSS0211+1107    3.98   18.12   02 11 20.1   +11 07 16.  
PMN0214-0518    3.986  18.42   02 14 29.29  -05 17 44.55
PSS0223+2325    4.27   18.94   02 23 10.5   +23 25 25.   
SDSS0231-0728   5.41   21.54   02 31 37.65  -07 28 54.5  i19.53
BR0232-1819     4.30   18.79   02 34 55.14  -18 06 08.5 
PMN0235-1805    4.314  18.79   02 34 55.14  -18 06 08.49
SDSS0239-0810   4.00   19.38   02 39 23.47  -08 10 05.1  i19.27
SDSS0239+0102   4.04   20.76   02 39 35.25  +01 02 56.9  i
BRI0241-0146    4.04   18.18   02 44 01.85  -01 34 03.04
SDSS0244-0816   4.03   18.21   02 44 47.79  -08 16 06.1  i18.03
PSS0244-0108    3.99   18.60   02 44 57.18  -01 08 08.67
BR0245-0608     4.20   18.6    02 47 56.53  -05 55 59.29
PSS0248+1802    4.422  18.4    02 48 54.27  +18 02 50.28
SDSS0250+0046   4.76   21.06   02 50 19.78  +00 46 50.3  i19.67
SDSS0250-0654   4.45   20.68   02 50 39.17  -06 54 05.1  i19.84
SDSS0251-0842   4.25   20.69   02 51 59.41  -08 42 58.1  i20.56
SDSS0252+0031   4.10   20.15   02 52 04.29  +00 31 36.9  i19.64
SDSS0255+0048   3.99   19.07   02 55 18.58  +00 48 47.6  i18.70
SDSS0256-0850   4.21   19.98   02 56 47.06  -08 50 41.4  i19.62
SDSS0300+0032   4.19   19.99   03 00 25.23  +00 32 24.3  i19.94
RD0301+0020     5.50   26.3    03 01 17.01  +00 20 25.96 I_AB23.8
BR0259-5548     4.11   19.00   03 01 21.55  -55 37 11.6 
BR0300-0207     4.25   18.56   03 02 53.06  -01 56 05.7 
BR0305-4957     4.78   18.76   03 07 22.88  -49 45 48.0 
PC0307+0222     4.379  20.39   03 09 51.23  +02 33 21.76
SDSS0310-0014   4.63   21.51   03 10 36.97  -00 14 57.0  i19.89
BR0308-1734     4.00   17.73   03 11 15.20  -17 22 47.4 
SDSS0312-0626   4.03   19.44   03 12 13.98  -06 26 58.8  i19.08
PSS0315+0524    4.23   18.94   03 15 48.5   +05 24 59.  
PSS0320+0208    3.96   18.74   03 20 42.7   +02 08 16.  
SDSS0322-0558   3.94   20.01   03 22 26.10  -05 58 24.7  i19.90
BR0322-2928     4.62   18.66   03 24 44.28  -29 18 21.1 
PMN0324-2918    4.630  18.66   03 24 44.28  -29 18 21.10
SDSS0324-0057   4.80   22.62   03 24 59.10  -00 57 05.1  i20.60
SDSS0326-0033   4.16   19.50   03 26 08.12  -00 33 40.2  i19.20
SDSS0331-0741   4.70   20.61   03 31 19.67  -07 41 43.1  i19.10
SDSS0333-0537   4.09   19.90   03 33 05.32  -05 37 09.0  i19.79
SDSS0333-0606   4.09   20.70   03 33 44.43  -06 06 25.2  i20.43
SDSS0334-0634   3.95   19.35   03 34 06.99  -06 34 06.5  i19.18
BR0331-1622     4.32   17.86   03 34 13.45  -16 12 05.2 
SDSS0334+0040   4.33   21.17   03 34 14.10  +00 40 56.6  
SDSS0338+0021   5.02   21.68   03 38 29.31  +00 21 56.47 i19.97
SDSS0338-RD657  4.96   23.00   03 38 30.03  +00 18 40.40 i21.3
SDSS0341-0648   4.08   20.49   03 41 09.35  -06 48 05.1  i20.20
SDSS0345-0723   4.02   19.90   03 45 41.51  -07 23 15.3  i19.52
SDSS0349-0657   3.95   20.44   03 49 46.61  -06 57 30.3  i20.23
SDSS0352-0019   4.18   20.11   03 52 14.33  -00 19 41.1  i19.73
BR0351-1034     4.36   18.6    03 53 46.91  -10 25 19.07
BR0353-3820     4.58   17.95   03 55 04.87  -38 11 42.3 
BR0401-1711     4.23   18.7    04 03 56.57  -17 03 23.56
SDSS0405+0059   4.05   20.22   04 05 50.26  +00 59 31.2  i20.01
BR0413-4405     4.08   18.81   04 15 15.17  -43 57 52.9 
BR0418-5723     4.37   17.78   04 19 50.94  -57 16 13.0 
SDSS0422-0012   4.09   20.81   04 22 44.38  -00 12 47.8  
BR0424-2209     4.30   17.94   04 26 10.33  -22 02 17.3 
PSS0439-0207    4.40   19.06   04 39 23.2   -02 07 02.  
PSS0452+0355    4.42   18.80   04 52 51.5   +03 55 58.  
PMN0525-3343    4.413  18.50   05 25 06.17  -33 43 05.34 
BR0527-3528     4.41   18.94   05 29 15.89  -35 26 03.6 
BR0527-3554     4.15   18.29   05 29 20.81  -35 52 34.1 
BR0714-6449     4.47   18.35   07 14 31.37  -64 55 10.6 
FIRST0725+3705  4.33   18.3    07 25 18.29  +37 05 17.9  
SDSS0731+3643   4.03   19.58   07 31 47.01  +36 43 46.5  i19.29
FIRST0747+2739  4.17   17.2    07 47 11.16  +27 39 03.6  
PSS0747+4434    4.4386 18.06   07 47 50.00  +44 34 16.00
SDSS0751+4242   4.16   19.07   07 51 03.96  +42 42 11.6  i18.82
PC0751+5623     4.281  19.91   07 55 43.99  +56 15 07.85
SDSS0756+4104   5.09   21.70   07 56 18.14  +41 04 08.6  i20.21
SDSS0756+4502   4.80   21.78   07 56 52.07  +45 02 58.9  i20.24
SDSS0757+4414   4.16   19.63   07 57 32.89  +44 14 24.7  i19.38
SDSS0801+4336   4.17   20.56   08 01 59.25  +43 36 25.0  i20.26
SDSS0805+4823   4.18   20.11   08 05 49.94  +48 23 45.9  i19.86
PSS0808+5215    4.441  18.82   08 08 49.5   +52 15 16.  
SDSS0810+4603   4.07   18.67   08 10 54.88  +46 03 57.9  i18.38
SDSS0812+4421   4.32   19.97   08 12 41.12  +44 21 29.0  i19.95
SDSS0830+4746   4.29   20.69   08 30 46.28  +47 46 46.5  i20.40
SDSS0831+5235   4.44   20.05   08 31 03.00  +52 35 33.6  i19.37
SDSS0832+5303   4.02   19.82   08 32 12.37  +53 03 27.4  i19.46
SDSS0833+5239   3.97   20.14   08 33 24.57  +52 39 55.0  i19.94
SDSS0836+0054   5.82   24.4    08 36 43.85  +00 54 53.3  i21.04 z18.74
SDSS0839+5112   4.39   19.39   08 39 46.22  +51 12 02.8  i18.98
SDSS0848-0014   4.12   19.28   08 48 11.52  -00 14 18.0  i18.99
SDSS0851+0207   4.28   19.45   08 51 51.27  +02 07 56.1  i19.29
SDSS0852+5359   4.20   20.29   08 52 10.89  +53 59 49.0  i19.82
PSS0852+5045    4.2    19      08 52 27.4   +50 45 11.  
SDSS0854+0042   4.07   20.28   08 54 30.18  +00 42 13.6  i20.02
SDSS0856+5252   4.79   22.06   08 56 34.93  +52 52 06.4  i20.31
SDSS0902-0021   4.39   20.33   09 02 42.08  -00 21 25.9  i19.77
SDSS0904+5350   4.25   19.76   09 04 40.64  +53 50 38.8  i19.25
SDSS0905-0014   4.25   20.05   09 05 32.15  -00 14 30.5  i19.89
SDSS0910+5753   4.01   19.81   09 10 16.79  +57 53 31.1  i19.50
SDSS0913+5919   5.11   22.19   09 13 16.56  +59 19 21.5  i20.50
PC0910+5625     4.035  20.87   09 14 39.36  +56 13 20.79
QSO0918+0636    4.19   18.7    09 18 24.38  +06 36 53.4  
SDSS0920+5642   4.14   20.34   09 20 38.49  +56 42 35.9  i19.95
SDSS0922+5618   4.19   19.37   09 22 56.20  +56 18 49.3  i18.99
PSS0926+3055    4.19   17.31   09 26 36.3   +30 55 06.
SDSS0940+5848   4.66   20.61   09 40 56.02  +58 48 30.2  i19.27
SDSS0941+5947   4.82   20.66   09 41 08.36  +59 47 25.8  i19.36
BR0945-0411     4.13   18.8    09 47 49.56  -04 25 15.14
SDSS0949+6021   4.28   20.67   09 49 17.17  +60 21 04.5  i20.26
SDSS0950+6203   4.06   20.19   09 50 00.17  +62 03 18.6  i20.22
PSS0950+5801    3.97   17.38   09 50 13.99  +58 01 38. 
SDSS0951+5945   4.86   21.65   09 51 51.17  +59 45 56.2  i19.81
BR0951-0450     4.35   18.9    09 53 55.67  -05 04 19.52
BRI0952-0115    4.43   18.68   09 55 00.08  -01 30 06.94
PSS0955+5940    4.34   17.84   09 55 11.3   +59 40 32. 
PC0953+4749     4.457  19.47   09 56 25.17  +47 34 43.57
PSS0957+3308    4.25   17.59   09 57 44.5   +33 08 23.  
SDSS1001+6308   4.14   20.43   10 01 54.87  +63 08 18.0  i20.32
SDSS1004+6304   4.11   20.42   10 04 13.14  +63 04 37.4  i20.24
SDSS1010+6448   4.65   21.37   10 10 53.52  +64 48 32.0  i19.87
BRI1013+0035    4.38   18.80   10 15 48.96  +00 20 19.01
SDSS1020+0001   4.16   20.48   10 20 43.82  +00 01 05.8  i19.83
SDSS1021-0309   4.696  21.76   10 21 19.16  -03 09 37.2  i20.09
SDSS1023+6335   4.88   21.36   10 23 32.08  +63 35 08.1  i19.69
PSS1026+3828    4.18   18.93   10 26 56.7   +38 28 43.  
RXJ1028-0844    4.276  18.9    10 28 37.7   -08 44 23.6 
SDSS1030+0524   6.28   24.4    10 30 27.10  +05 24 55.0  i23.23 z20.05
SDSS1033+6443   3.95   20.09   10 33 09.21  +64 43 51.1  i19.89
SDSS1034-0027   4.38   20.2    10 34 32.71  -00 27 02.5  
BR1033-0327     4.509  18.5    10 36 23.7   -03 43 20   
PSS1039+3445    4.39   19.2    10 39 19.3   +34 45 05
SDSS1040+6514   4.49   20.77   10 40 08.10  +65 14 29.3  i19.83
SDSS1040-0015   4.32   19.36   10 40 40.14  -00 15 40.9  i18.80
SDSS1043+6506   4.49   19.90   10 43 51.20  +65 06 47.7  i19.09
SDSS1044-0125   5.80   25.1    10 44 33.04  -01 25 02.2  i21.81
SDSS1048-0028   4.00   19.29   10 48 37.40  -00 28 13.7  i19.05
SDSS1048+4637   6.23   99      10 48 45.05  +46 37 18.3  i22.4 z19.86
PSS1048+4407    4.402  19.     10 48 46.62  +44 07 12.71
RXJ1052+5719    4.45   23.2    10 52 25.9   +57 19 07.  
SDSS1052-0006   4.13   19.93   10 52 54.60  -00 06 25.9  i19.54
BRI1050-0000    4.291  18.79   10 53 20.41  -00 16 48.9  
SDSS1056+0032   4.02   19.88   10 56 02.37  +00 32 22.0  i19.66
PSS1057+4555    4.1235 17.7    10 57 56.39  +45 55 51.97
PSS1058+1245    4.33   18      10 58 58.5   +12 45 55.   
SDSS1059+0104   4.06   19.64   10 59 02.73  +01 04 04.1  i19.21
SDSS1102+6635   4.81   22.12   11 02 47.29  +66 35 19.5  i20.47
SDSS1108-0059   4.01   19.51   11 08 13.86  -00 59 44.5  i19.25
SDSS1108-0058   4.56   20.94   11 08 19.16  -00 58 24.0  i19.87
SDSS1108+0037   4.41   20.57   11 08 26.32  +00 37 06.8  i19.84
SDSS1112+0046   4.02   19.71   11 12 24.18  +00 46 30.4  i19.66
SDSS1114-0053   4.58   20.64   11 14 01.48  -00 53 21.1  i19.60
BRI1114-0822    4.50   19.36   11 17 27.02  -08 38 58.00
PSS1118+3702    4.03   18.76   11 18 56.2   +37 02 56   
BRI1117-1330    4.00   18.1    11 20 10.23  -13 46 26.19
SDSS1122-0229   4.795  22.22   11 22 42.98  -02 29 05.1  i20.38
SDSS1122+0053   4.56   20.26   11 22 53.50  +00 53 29.8  i19.12
SDSS1129-0142   4.85   22.02   11 29 56.10  -01 42 12.4  i19.64
SDSS1135+0024   4.04   20.02   11 35 59.94  +00 24 22.8  i19.87
PSS1140+6205    4.51   18.73   11 40 08.6   +62 05 31.  
BRI1144-0723    4.16   18.6    11 46 35.65  -07 40 05.0  
SDSS1148+5251   6.35   99      11 48 16.64  +52 51 50.2  i23.9 z20.12
PSS1159+1337    4.073  18.50   11 59 06.48  +13 37 37.79
PC1158+4635     4.733  20.21   12 00 36.83  +46 18 46.75
SDSS1204-0021   5.03   20.82   12 04 41.73  -00 21 49.6  i19.31
BRI1202-0725    4.695  18.7    12 05 23.08  -07 42 32.10
PSS1208+6350    4.06   18.98   12 08 00.99  +63 50 09.6  
SDSS1208+0010   5.273  22.75   12 08 23.82  +00 10 27.7  i20.79
FIRST1211+3226  4.097  18.2    12 11 34.41  +32 26 15.8
SDSS1226+0059   4.25   19.01   12 26 00.68  +00 59 23.6  i18.91
PSS1226+0950    4.34   18.78   12 26 23.84  +09 50 03.7 
SDSS1226+0009   4.14   19.3    12 26 57.97  +00 09 38.4  
SDSS1235-0003   4.69   21.49   12 35 03.04  -00 03 31.8  i20.11
PC1233+4752     4.447  20.63   12 35 31.05  +47 36 05.96
CXOHDF1236+6209 5.186  24.5    12 36 47.93  +62 09 41.3  i23.1 z23.7
SDSS1239+6740   4.40   20.79   12 39 37.18  +67 40 20.8  i20.18
PSS1248+3110    4.320  18.9    12 48 20.2   +31 10 44. 
PC1247+3406     4.897  20.40   12 49 42.12  +33 49 52.5 
PSS1253-0228    4.007  19.4    12 53 36.3   -02 28 08.  
PKS1251-407     4.46   20      12 53 59.6   -40 59 27.  
SDSS1254-0039   4.23   20.58   12 54 33.57  -00 39 22.7  i20.10
SDSS1257-0111   4.10   19.00   12 57 59.22  -01 11 30.3  i18.55
SDSS1302+0030   4.51   20.98   13 02 16.13  +00 30 32.1  i19.86
PC1301+4747     4.004  21.31   13 04 04.63  +47 31 30.33
BRI1302-1404    4.04   18.6    13 05 25.20  -14 20 41.31
SDSS1306+0356   5.99   24.4    13 06 08.26  +03 56 26.3  i22.58 z19.47
FIRST1309+5733  4.274  18.1    13 09 40.61  +57 33 09.1  
BR1307-1724     4.20   19.26   13 10 26.62  -17 40 28.5 
SDSS1310-0055   4.14   18.85   13 10 52.52  -00 55 33.4  i18.82
PSS1315+2924    4.18   18.48   13 15 39.60  +29 24 39.8 
PSS1317+3531    4.36   19.1    13 17 43.21  +35 31 31.16
SDSS1321+0038   4.67   21.48   13 21 10.82  +00 38 21.7  i20.04
SDSS1324-0313   4.02   19.98   13 24 47.26  -03 13 58.3  i19.79
QSO1325+1123    4.40   18.8    13 25 12.52  +11 23 29.8  
PSS1326+0743    4.17   17.3    13 26 11.9   +07 43 59.  
BRI1328-0433    4.20   18.96   13 31 30.73  -04 48 51.61
BRI1335-0417    4.45   19.40   13 38 03.34  -04 32 35.26
PSS1339+5154    4.08   18.7    13 39 13.0   +51 54 04.  
SDSS1347+0021   4.27   19.34   13 47 23.09  +00 21 58.9  i18.96
PSS1347+4956    4.565  17.9    13 47 43.4   +49 56 21.  
BRI1346-0322    4.01   18.83   13 49 16.68  -03 37 16.05
SDSS1350-0043   4.40   20.29   13 50 57.86  -00 43 55.3  i19.91
SDSS1351-0036   4.04   20.14   13 51 34.46  -00 36 52.2  i19.88
SDSS1354-0039   4.42   20.64   13 54 23.00  -00 39 06.2  i20.15
PSS1401+4111    4.01   18.62   14 01 32.80  +41 11 49.9 
PSS1403+4126    3.85   18.92   14 03 55.70  +41 26 16.2 
VLA1410+3409    4.351  19.6    14 10 45.8   +34 09 09.  
PSS1413+6441    4....  18.79   14 13 06.1   +64 41 50  
SDSS1413+0000   4.07   19.76   14 13 15.36  +00 00 32.4  i19.73
SDSS1413-0049   4.14   19.58   14 13 32.36  -00 49 09.7  i19.30
PC1415+3408     4.60   21.37   14 17 54.82  +33 54 41.5 
PSS1418+4449    4.323  18.4    14 18 31.8   +44 49 37.  
FIRST1423+2241  4.316  18.5    14 23 08.19  +22 41 57.5 
GB1428+4217     4.715  20.9    14 30 23.78  +42 04 36.31
PSS1430+2828    4.30   19.3    14 30 31.63  +28 28 34.34
PSS1432+3940    4.28   18.6    14 32 24.9   +39 40 24.  
PSS1435+3057    4.35   19.3    14 35 23.52  +30 57 22.50
PSS1438+2538    4.234  19.5    14 38 35.58  +25 38 32.19
SDSS1439-0034   4.258  21.79   14 39 51.60  -00 34 29.2  i
SDSS1439-0033   4.255  20.96   14 39 52.58  -00 33 59.2  i
SDSS1442+0110   4.56   20.87   14 42 31.73  +01 10 55.3  i19.93
PSS1443+2724    4.42   19.3    14 43 31.17  +27 24 37.09
PSS1443+5856    4.27   17.8    14 43 40.8   +58 56 53.  
SDSS1444-0101   4.51   20.32   14 44 07.63  -01 01 52.8  i19.29
PSS1444-0123    4.16   19.52   14 44 28.67  -01 23 44.1  also SDSS 
SDSS1446-0101   4.13   19.53   14 46 17.35  -01 01 31.2  i19.09
SDSS1451-0104   4.672  22.65   14 51 18.77  -01 04 46.2  i20.70
PMN1451-1512    4.763  19.14   14 51 47.05  -15 12 19.99
VLA1452+3354    4.12   20.4    14 52 24.25  +33 54 24.63 
PC1450+3404     4.191  22.05   14 53 00.59  +33 52 06.3 
PSS1456+2007    4.249  19.5    14 56 29.08  +20 07 27.05
PSS1458+6813    4.30   18.37   14 58 33.4   +68 13 22.  
PSS1500+5829    4.22   18.6    15 00 07.7   +58 29 38.  
PSS1506+5220    4.18   18.1    15 06 54.6   +52 20 05.  
GB1508+5714     4.30   18.9    15 10 02.23  +57 03 04.92
SDSS1524+0113   4.10   20.17   15 24 43.19  +01 13 58.9  i19.98
SDSS1527-0106   4.40   20.48   15 27 40.52  -01 06 02.7  i19.95
PSS1531+4517    4.20   19.0    15 31 30.0   +45 17 08.  
SDSS1532-0039   4.62   21.15   15 32 59.96  -00 39 44.1  i19.75
PSS1535+2943    3.99   18.9    15 35 53.9   +29 43 13.  
PSS1543+3417    4.407  18.4    15 43 40.4   +34 17 45.   
PSS1554+1835    3.99   19.0    15 54 09.9   +18 35 51.  
PSS1555+2003    4.22   18.9    15 55 02.6   +20 03 25.  
BR1600+0729     4.35   18.9    16 03 20.9   +07 21 04   
SDSS1605-0112   4.92   22.50   16 05 01.21  -01 12 20.6  i19.78
WFS1612+5255    4.95   22.21   16 12 53.11  +52 55 43.5  i20.15
PSS1615+1803    4.01   18.42   16 15 22.89  +18 03 56.4  
PSS1618+4125    4.2138 19.58   16 18 22.73  +41 25 59.71
SDSS1620+0020   4.09   19.85   16 20 48.74  +00 20 05.7  i19.36
SDSS1630+4012   6.05   99      16 30 33.90  +40 12 09.6  i23.4 i20.42
PSS1633+1411    4.351  19.0    16 33 19.7   +14 11 42.6 
FIRST1639+4340  3.99   17.1    16 39 50.51  +43 40 03.3  
PSS1646+5514    4.037  18.11   16 46 56.29  +55 14 46.72
SDSS1708+6022   4.35   20.24   17 08 04.91  +60 22 02.0  i19.78
SDSS1710+5923   4.47   20.48   17 10 14.52  +59 23 26.5  i19.67
SDSS1712+5606   4.20   20.54   17 12 24.92  +56 06 25.0  i20.02
VLA1713+4218    4.23   19      17 13 56.15  +42 18 08.64
GB1713+2148     4.011  21.0    17 15 21.28  +21 45 32.95
SDSS1715+6453   3.96   19.56   17 15 30.49  +64 53 19.3  i19.46
PSS1715+3809    4.52   18.56   17 15 39.6   +38 09 10   
SDSS1718+5515   4.60   21.15   17 18 08.67  +55 15 11.2  i19.99
SDSS1720+6028   4.40   20.47   17 20 07.20  +60 28 23.9  i20.20
PSS1721+3256    4.031  19.23   17 21 06.74  +32 56 35.76
PSS1723+2243    4.52   18.17   17 23 23.2   +22 43 58.  
SDSS1737+5828   4.94   20.93   17 37 44.87  +58 28 29.5  i19.33
PSS1745+6846    4.13   19.12   17 45 50.1   +68 46 21. 
PSS1754+6737    3.67   19.23   17 54 22.2   +67 37 37.  
RXJ1759.4+6638  4.320  19      17 59 27.76  +66 38 53.69
PSS1802+5616    4.158  19.19   18 02 48.9   +56 16 51.  
BR2013-4028     4.15   18.57   20 17 17.12  -40 19 24.0 
PSS2122-0014    4.114  19.13   21 22 07.5   -00 14 45.  
PSS2132+0106    4.04   19.44   21 32 43.4   +01 06 34.  
PMN2134-0419    4.346  19.98   21 34 12.01  -04 19 09.87
PSS2134+0817    4.     19.28   21 34 43.3   +08 17 30.  
Q2133-4311      4.20   20.85   21 36 23.77  -42 58 17.93
Q2133-4625      4.18   20.96   21 36 31.35  -46 11 40.70
Q2134-4521      4.36   20.15   21 38 07.55  -45 08 18.63
CXO2139-2346    4.930  22.9    21 39 44.99  -23 46 56.6  i21.4
Q2139-4324      4.46   20.64   21 42 58.21  -43 10 58.62
PSS2154+0335    4.363  18.41   21 54 06.9   +03 35 40.  
PSS2155+1358    4.256  18.5    21 55 02.1   +13 58 26.  
SDSS2200+0017   4.77   20.68   22 00 08.66  +00 17 44.8  i19.15
PSS2203+1828    4.38   18.74   22 03 43.4   +18 28 14.   
Q2203+29        4.399  20.87   22 06 02.62  +29 30 02.52
BRI2212-1626    4.00   18.1    22 15 27.22  -16 11 33.05
SDSS2216+0013   4.99   21.78   22 16 44.02  +00 13 48.3  i20.30
BR2213-6729     4.49   18.06   22 16 51.98  -67 14 43.5 
SDSS2220+0019   4.68   21.67   22 20 50.80  +00 19 59.1  i20.21
BRI2235-0301    4.25   18.23   22 38 22.32  -02 45 52.63
PSS2238+2603    4.03   18.85   22 38 41.1   +26 03 46. 
BRI2237-0607    4.55   18.3    22 39 53.57  -05 52 20.01
PSS2241+1352    4.441  18.69   22 41 47.9   +13 52 03.  
PSS2244+1005    4.04   18.92   22 44 05.5   +10 47 38.  
WFS2245+0024    5.17   23.96   22 45 24.28  +00 24 14.6  i21.43
WFS2245+0033    4.45   21.60   22 45 31.00  +00 33 58.6 
DMS2247-0209    4.335  21??    22 49 52.07  -01 53 32.02
BRI2248-1242    4.16   18.5    22 51 18.03  -12 27 03.85
PSS2256+3230    4.04   18.93   22 56 10.5   +32 30 19.  
PMN2314+0201    4.110  19.87   23 14 48.72  +02 01 50.86
PSS2315+0921    4.412  18.96   23 15 59.2   +09 21 44.  
BR2314-4401     4.02   19.05   23 17 26.84  -43 45 27.5 
PSS2322+1944    4.17   18.29   23 22 07.2   +19 44 23.  
PSS2323+2758    4.18   18.51   23 23 41.0   +27 58 01.  
BR2326-4530     4.38   19.16   23 28 48.60  -45 13 45.6 
PC2331+0216     4.098  19.98   23 34 31.90  +02 33 22.44
SDSS2341+0015   3.95   19.96   23 41 47.27  +00 15 51.9  i20.03
PSS2344+0342    4.239  17.87   23 44 03.2   +03 42 26.  
PSS2344+3409    3.96   18.97   23 44 47.1   +34 09 41   
BR2346-3729     4.21   18.69   23 49 13.76  -37 12 58.9 
SDSS2357+0043   4.34   20.08   23 57 18.35  +00 43 50.4  i19.75
